[gd_scene load_steps=24 format=3 uid="uid://da5xv5g3mndxw"]

[ext_resource type="PackedScene" uid="uid://cv03cxb8jcsy8" path="res://assets/prefabs/terminal.tscn" id="1_m1hvl"]
[ext_resource type="PackedScene" uid="uid://dmtm7k1fhpmkj" path="res://assets/prefabs/robot_default.tscn" id="2_g4ply"]
[ext_resource type="PackedScene" uid="uid://pc3k2vyryge5" path="res://assets/prefabs/button.tscn" id="3_gdhk3"]
[ext_resource type="PackedScene" uid="uid://b06ku0w7nydkk" path="res://assets/prefabs/power_line.tscn" id="4_fjrlg"]
[ext_resource type="PackedScene" uid="uid://cyd5hd61f5m0h" path="res://assets/prefabs/robot_big.tscn" id="4_xifp1"]
[ext_resource type="PackedScene" uid="uid://dcjw51pfs7v86" path="res://assets/prefabs/door.tscn" id="5_5ng7b"]
[ext_resource type="PackedScene" uid="uid://cf24rsq3p2ei1" path="res://assets/prefabs/tiles/floor_tile_1.tscn" id="6_vt2sq"]
[ext_resource type="PackedScene" uid="uid://cbnmfkaxsw4ki" path="res://assets/prefabs/box.tscn" id="6_y7ee0"]
[ext_resource type="PackedScene" uid="uid://bdguoqhpmcppa" path="res://assets/prefabs/tiles/wall_tile_1.tscn" id="8_exega"]
[ext_resource type="PackedScene" uid="uid://djpkb7s0oa4fu" path="res://assets/prefabs/robot_flying.tscn" id="9_34grp"]
[ext_resource type="Texture2D" uid="uid://bwkuek3tum0cn" path="res://assets/writings/labyrinth.png" id="11_c3iwu"]

[sub_resource type="QuadMesh" id="QuadMesh_l1iiy"]
size = Vector2(0.1, 1)

[sub_resource type="StandardMaterial3D" id="StandardMaterial3D_kbvu8"]

[sub_resource type="QuadMesh" id="QuadMesh_3xc1g"]
size = Vector2(0.1, 3)

[sub_resource type="QuadMesh" id="QuadMesh_augpf"]
size = Vector2(0.1, 20)

[sub_resource type="QuadMesh" id="QuadMesh_y3flv"]
size = Vector2(0.1, 1.7)

[sub_resource type="QuadMesh" id="QuadMesh_rbb1c"]
size = Vector2(0.1, 6.6)

[sub_resource type="BoxMesh" id="BoxMesh_3cx4o"]
size = Vector3(1, 3, 30)

[sub_resource type="BoxMesh" id="BoxMesh_a8jwt"]
size = Vector3(1, 3, 20)

[sub_resource type="BoxMesh" id="BoxMesh_g6jjg"]
size = Vector3(1, 3, 42)

[sub_resource type="CylinderMesh" id="CylinderMesh_ostqh"]
top_radius = 10.0
bottom_radius = 10.0
height = 100.0

[sub_resource type="QuadMesh" id="QuadMesh_qtdca"]
size = Vector2(7, 7)

[sub_resource type="StandardMaterial3D" id="StandardMaterial3D_yywp1"]
transparency = 1
albedo_texture = ExtResource("11_c3iwu")

[node name="Level3" type="Node3D"]

[node name="Gameplay" type="Node3D" parent="."]

[node name="Terminal" parent="Gameplay" node_paths=PackedStringArray("robot") instance=ExtResource("1_m1hvl")]
transform = Transform3D(-0.662698, 0, -0.748886, 0, 1, 0, 0.748886, 0, -0.662698, 7.09039, 13.3394, 6.09772)
robot = NodePath("../DefaultRobot")

[node name="DefaultRobot" parent="Gameplay" instance=ExtResource("2_g4ply")]
transform = Transform3D(-0.721494, 0, -0.69242, 0, 1, 0, 0.69242, 0, -0.721494, 10.8216, 0.0352378, 13.4917)

[node name="Terminal2" parent="Gameplay" node_paths=PackedStringArray("robot") instance=ExtResource("1_m1hvl")]
transform = Transform3D(-0.887566, 0, -0.46068, 0, 1, 0, 0.46068, 0, -0.887566, 4.80709, 13.3394, 7.74319)
robot = NodePath("../FlyingRobot")

[node name="FlyingRobot" parent="Gameplay" instance=ExtResource("9_34grp")]
transform = Transform3D(1, 0, 0, 0, 1, 0, 0, 0, 1, 10.067, 0.0851021, 16.4202)

[node name="Terminal3" parent="Gameplay" node_paths=PackedStringArray("robot") instance=ExtResource("1_m1hvl")]
transform = Transform3D(-0.999455, 0, -0.0329981, 0, 1, 0, 0.0329981, 0, -0.999455, 9.66564, 0.05, 38.6896)
robot = NodePath("../BigRobot")

[node name="BigRobot" parent="Gameplay" instance=ExtResource("4_xifp1")]
transform = Transform3D(0.984202, -0.00012058, -0.177051, 0.000121418, 1, -6.09705e-06, 0.177051, -1.55078e-05, 0.984202, 3.38879, -3.02071, 37.1509)

[node name="Room1" type="Node3D" parent="Gameplay"]
transform = Transform3D(1, 0, 0, 0, 1, 0, 0, 0, 1, 32.8896, 0, 34.833)

[node name="Button" parent="Gameplay/Room1" instance=ExtResource("3_gdhk3")]
transform = Transform3D(0.711241, 0, -0.702948, 0, 1, 0, 0.702948, 0, 0.711241, -1.08074, 0.05, 0.799248)

[node name="Door" parent="Gameplay/Room1" instance=ExtResource("5_5ng7b")]
transform = Transform3D(0.711241, 0, -0.702948, 0, 1, 0, 0.702948, 0, 0.711241, 0.610901, 0.05, -0.912354)

[node name="Room2" type="Node3D" parent="Gameplay"]

[node name="Button" parent="Gameplay/Room2" instance=ExtResource("3_gdhk3")]
transform = Transform3D(1, 0, 0, 0, 1, 0, 0, 0, 1, 39.421, 0.0500002, 21.3291)

[node name="Door" parent="Gameplay/Room2" instance=ExtResource("5_5ng7b")]
transform = Transform3D(0.736109, 0, -0.676863, 0, 1, 0, 0.676863, 0, 0.736109, 16.1814, -3.01185, 16.1224)

[node name="Terminal4" parent="Gameplay/Room2" node_paths=PackedStringArray("robot") instance=ExtResource("1_m1hvl")]
transform = Transform3D(1, 0, 0, 0, 1, 0, 0, 0, 1, 37.8907, 0.0500002, 24.9051)
robot = NodePath("../DefaultRobot2")

[node name="DefaultRobot2" parent="Gameplay/Room2" instance=ExtResource("2_g4ply")]
transform = Transform3D(0.0538348, 0, -0.99855, 0, 1, 0, 0.99855, 0, 0.0538348, 36.7271, 0.05, 21.4579)

[node name="Room3" type="Node3D" parent="Gameplay"]

[node name="Box" parent="Gameplay/Room3" instance=ExtResource("6_y7ee0")]
transform = Transform3D(0.695612, 0, 0.718418, 0, 1, 0, -0.718418, 0, 0.695612, 26.1921, 0.0499997, 14.404)

[node name="Button" parent="Gameplay/Room3" instance=ExtResource("3_gdhk3")]
transform = Transform3D(1, 0, 0, 0, 1, 0, 0, 0, 1, 36.5069, 0.0500002, 2.29223)

[node name="Button2" parent="Gameplay/Room3" instance=ExtResource("3_gdhk3")]
transform = Transform3D(1, 0, 0, 0, 1, 0, 0, 0, 1, 36.6378, 0.0500002, 8.31002)

[node name="Door" parent="Gameplay/Room3" instance=ExtResource("5_5ng7b")]
transform = Transform3D(0.67907, 0, 0.734074, 0, 1, 0, -0.734074, 0, 0.67907, 19.6524, 0.0223937, 9.0499)
required_signals = 2

[node name="ControlRoom" type="Node3D" parent="Gameplay"]

[node name="Door" parent="Gameplay/ControlRoom" instance=ExtResource("5_5ng7b")]
transform = Transform3D(-4.37114e-08, 0, -0.999999, 0, 1, 0, 0.999999, 0, -4.37114e-08, 0.121644, 13.3394, 4.83503)

[node name="Button" parent="Gameplay/ControlRoom" instance=ExtResource("3_gdhk3")]
transform = Transform3D(0.707107, 0, 0.707107, 0, 1, 0, -0.707107, 0, 0.707107, 14.1085, 0.076628, 10.3727)

[node name="PowerLine" parent="Gameplay/ControlRoom" instance=ExtResource("4_fjrlg")]
transform = Transform3D(1, 0, 0, 0, 1, 0, 0, 0, 1, 28.0987, 0.076628, 11.8457)

[node name="Line1" type="CSGMesh3D" parent="Gameplay/ControlRoom/PowerLine"]
transform = Transform3D(0.707107, -0.707107, -3.09086e-08, 0, -4.37114e-08, 1, -0.707107, -0.707107, -3.09086e-08, -15.1064, -0.0623998, -2.53599)
mesh = SubResource("QuadMesh_l1iiy")
material = SubResource("StandardMaterial3D_kbvu8")

[node name="Line2" type="CSGMesh3D" parent="Gameplay/ControlRoom/PowerLine"]
transform = Transform3D(0.707107, 0.000592291, 0.707107, 0, 1, -0.000837684, -0.707107, 0.000592291, 0.707107, -15.2885, 1.39853, -2.7285)
mesh = SubResource("QuadMesh_3xc1g")
material = SubResource("StandardMaterial3D_kbvu8")

[node name="Line3" type="CSGMesh3D" parent="Gameplay/ControlRoom/PowerLine"]
transform = Transform3D(0.441146, 0.000592291, 0.897435, 0.000270256, 0.999999, -0.000792887, -0.897435, 0.000592291, 0.441145, -19.4333, 3.25056, -6.86313)
mesh = SubResource("QuadMesh_augpf")
material = SubResource("StandardMaterial3D_kbvu8")

[node name="Line4" type="CSGMesh3D" parent="Gameplay/ControlRoom/PowerLine"]
transform = Transform3D(0.707107, -0.707107, -3.09086e-08, 0, -4.37114e-08, 1, -0.707107, -0.707107, -3.09086e-08, -20.086, 13.2978, -7.4798)
mesh = SubResource("QuadMesh_y3flv")
material = SubResource("StandardMaterial3D_kbvu8")

[node name="Line5" type="CSGMesh3D" parent="Gameplay/ControlRoom/PowerLine"]
transform = Transform3D(-4.37114e-08, -1, -4.37114e-08, 0, -4.37114e-08, 1, -1, 4.37114e-08, 1.91069e-15, -23.9659, 13.2978, -8.07364)
mesh = SubResource("QuadMesh_rbb1c")
material = SubResource("StandardMaterial3D_kbvu8")

[node name="Shortcuts" type="Node3D" parent="Gameplay"]

[node name="Door" parent="Gameplay/Shortcuts" instance=ExtResource("5_5ng7b")]
transform = Transform3D(1, 0, 0, 0, 1, 0, 0, 0, 1, 38.7895, 0.0500002, 10.184)
required_signals = 2

[node name="Door2" parent="Gameplay/Shortcuts" instance=ExtResource("5_5ng7b")]
transform = Transform3D(0.742841, 0, 0.669468, 0, 1, 0, -0.669468, 0, 0.742841, 29.7608, 0.0223937, 20.7714)

[node name="Button" parent="Gameplay/Shortcuts" instance=ExtResource("3_gdhk3")]
transform = Transform3D(0.734145, 0, 0.678993, 0, 1, 0, -0.678993, 0, 0.734145, 28.7031, 0.0223937, 17.6636)

[node name="Geometry" type="Node3D" parent="."]

[node name="OuterWall1" type="CSGMesh3D" parent="Geometry"]
transform = Transform3D(0.698228, 0, -0.715876, 0, 1, 0, 0.715876, 0, 0.698228, 10.6445, 1.50676, 10.5164)
mesh = SubResource("BoxMesh_3cx4o")

[node name="OuterWall2" type="CSGMesh3D" parent="Geometry"]
transform = Transform3D(0.0232107, 0, -0.999731, 0, 1, 0, 0.999731, 0, 0.0232107, 31.1131, 1.50676, 0.0363263)
mesh = SubResource("BoxMesh_a8jwt")

[node name="OuterWall3" type="CSGMesh3D" parent="Geometry"]
transform = Transform3D(0.999912, 0, 0.0132814, 0, 1, 0, -0.0132814, 0, 0.999912, 0.105263, 1.50676, 30.8572)
mesh = SubResource("BoxMesh_a8jwt")

[node name="OuterWall4" type="CSGMesh3D" parent="Geometry"]
transform = Transform3D(0.00677176, 0, -0.999977, 0, 1, 0, 0.999977, 0, 0.00677176, 20.8482, 1.50676, 40.8813)
mesh = SubResource("BoxMesh_g6jjg")

[node name="OuterWall5" type="CSGMesh3D" parent="Geometry"]
transform = Transform3D(-0.999999, 0, 0.0015011, 0, 1, 0, -0.0015011, 0, -0.999999, 41.242, 1.50676, 20.491)
mesh = SubResource("BoxMesh_g6jjg")

[node name="FloorTile1" parent="Geometry" instance=ExtResource("6_vt2sq")]
transform = Transform3D(0.707107, 0, -0.707107, 0, 1, 0, 0.707107, 0, 0.707107, 11.0683, 0, 14.3149)

[node name="FloorTile18" parent="Geometry" instance=ExtResource("6_vt2sq")]
transform = Transform3D(0.707107, 0, -0.707107, 0, 1, 0, 0.707107, 0, 0.707107, 17.7953, 0, 21.0419)

[node name="FloorTile33" parent="Geometry" instance=ExtResource("6_vt2sq")]
transform = Transform3D(0.707107, 0, -0.707107, 0, 1, 0, 0.707107, 0, 0.707107, 21.3259, 0, 24.5725)

[node name="FloorTile4" parent="Geometry" instance=ExtResource("6_vt2sq")]
transform = Transform3D(0.999766, 0, 0.0216404, 0, 1, 0, -0.0216404, 0, 0.999766, 2.86302, -3.06185, 23.0084)

[node name="FloorTile5" parent="Geometry" instance=ExtResource("6_vt2sq")]
transform = Transform3D(0.999766, 0, 0.0216404, 0, 1, 0, -0.0216404, 0, 0.999766, 2.97181, -3.06185, 28.0346)

[node name="FloorTile8" parent="Geometry" instance=ExtResource("6_vt2sq")]
transform = Transform3D(0.999766, 0, 0.0216404, 0, 1, 0, -0.0216404, 0, 0.999766, 8.0013, -3.06185, 22.8972)

[node name="FloorTile14" parent="Geometry" instance=ExtResource("6_vt2sq")]
transform = Transform3D(0.999766, 0, 0.0216404, 0, 1, 0, -0.0216404, 0, 0.999766, 7.89375, -3.06185, 17.9283)

[node name="FloorTile9" parent="Geometry" instance=ExtResource("6_vt2sq")]
transform = Transform3D(0.999766, 0, 0.0216404, 0, 1, 0, -0.0216404, 0, 0.999766, 8.1101, -3.06185, 27.9234)

[node name="FloorTile10" parent="Geometry" instance=ExtResource("6_vt2sq")]
transform = Transform3D(0.999766, 0, 0.0216404, 0, 1, 0, -0.0216404, 0, 0.999766, 12.867, -3.06185, 17.8454)

[node name="FloorTile15" parent="Geometry" instance=ExtResource("6_vt2sq")]
transform = Transform3D(0.999766, 0, 0.0216404, 0, 1, 0, -0.0216404, 0, 0.999766, 12.7562, -3.06185, 12.7257)

[node name="FloorTile11" parent="Geometry" instance=ExtResource("6_vt2sq")]
transform = Transform3D(0.999766, 0, 0.0216404, 0, 1, 0, -0.0216404, 0, 0.999766, 12.9758, -3.06185, 22.8716)

[node name="FloorTile12" parent="Geometry" instance=ExtResource("6_vt2sq")]
transform = Transform3D(0.999766, 0, 0.0216404, 0, 1, 0, -0.0216404, 0, 0.999766, 17.8389, -3.06185, 12.7776)

[node name="FloorTile51" parent="Geometry" instance=ExtResource("6_vt2sq")]
transform = Transform3D(0.999766, 0, 0.0216404, 0, 1, 0, -0.0216404, 0, 0.999766, 17.7299, -3.06185, 7.74055)

[node name="FloorTile52" parent="Geometry" instance=ExtResource("6_vt2sq")]
transform = Transform3D(0.68876, 0, 0.72499, 0, 1, 0, -0.72499, 0, 0.68876, 13.6353, -3.00603, 10.271)

[node name="FloorTile13" parent="Geometry" instance=ExtResource("6_vt2sq")]
transform = Transform3D(0.999766, 0, 0.0216404, 0, 1, 0, -0.0216404, 0, 0.999766, 17.9477, -3.06185, 17.8037)

[node name="FloorTile47" parent="Geometry" instance=ExtResource("6_vt2sq")]
transform = Transform3D(0.999766, 0, 0.0216404, 0, 1, 0, -0.0216404, 0, 0.999766, 23.0167, -3.06185, 17.694)

[node name="FloorTile48" parent="Geometry" instance=ExtResource("6_vt2sq")]
transform = Transform3D(0.999766, 0, 0.0216404, 0, 1, 0, -0.0216404, 0, 0.999766, 28.0228, -3.06185, 17.5856)

[node name="FloorTile49" parent="Geometry" instance=ExtResource("6_vt2sq")]
transform = Transform3D(0.999766, 0, 0.0216404, 0, 1, 0, -0.0216404, 0, 0.999766, 23.1469, -3.06185, 22.7017)

[node name="FloorTile71" parent="Geometry" instance=ExtResource("6_vt2sq")]
transform = Transform3D(0.999766, 0, 0.0216404, 0, 1, 0, -0.0216404, 0, 0.999766, 28.0944, -3.06185, 22.5667)

[node name="FloorTile50" parent="Geometry" instance=ExtResource("6_vt2sq")]
transform = Transform3D(0.999766, 0, 0.0216404, 0, 1, 0, -0.0216404, 0, 0.999766, 22.9287, -3.06185, 12.6179)

[node name="FloorTile70" parent="Geometry" instance=ExtResource("6_vt2sq")]
transform = Transform3D(0.999766, 0, 0.0216404, 0, 1, 0, -0.0216404, 0, 0.999766, 27.8676, -3.06185, 12.6179)

[node name="FloorTile72" parent="Geometry" instance=ExtResource("6_vt2sq")]
transform = Transform3D(0.999766, 0, 0.0216404, 0, 1, 0, -0.0216404, 0, 0.999766, 27.7203, -3.06185, 7.55765)

[node name="FloorTile73" parent="Geometry" instance=ExtResource("6_vt2sq")]
transform = Transform3D(0.999766, 0, 0.0216404, 0, 1, 0, -0.0216404, 0, 0.999766, 27.7203, -3.06185, 2.49093)

[node name="FloorTile74" parent="Geometry" instance=ExtResource("6_vt2sq")]
transform = Transform3D(0.999766, 0, 0.0216404, 0, 1, 0, -0.0216404, 0, 0.999766, 32.7506, -3.06185, 7.39516)

[node name="FloorTile75" parent="Geometry" instance=ExtResource("6_vt2sq")]
transform = Transform3D(0.999766, 0, 0.0216404, 0, 1, 0, -0.0216404, 0, 0.999766, 32.7506, -3.06185, 2.32845)

[node name="FloorTile76" parent="Geometry" instance=ExtResource("6_vt2sq")]
transform = Transform3D(0.999766, 0, 0.0216404, 0, 1, 0, -0.0216404, 0, 0.999766, 22.7276, -3.06185, 7.55607)

[node name="FloorTile77" parent="Geometry" instance=ExtResource("6_vt2sq")]
transform = Transform3D(0.999766, 0, 0.0216404, 0, 1, 0, -0.0216404, 0, 0.999766, 22.7276, -3.06185, 2.48935)

[node name="FloorTile78" parent="Geometry" instance=ExtResource("6_vt2sq")]
transform = Transform3D(0.666871, 0, 0.745174, 0, 1, 0, -0.745174, 0, 0.666871, 17.1216, -3.12613, 6.71611)

[node name="FloorTile79" parent="Geometry" instance=ExtResource("6_vt2sq")]
transform = Transform3D(0.666871, 0, 0.745174, 0, 1, 0, -0.745174, 0, 0.666871, 20.5134, -3.12613, 2.95854)

[node name="FloorTile6" parent="Geometry" instance=ExtResource("6_vt2sq")]
transform = Transform3D(0.999766, 0, 0.0216404, 0, 1, 0, -0.0216404, 0, 0.999766, 3.07923, -3.06185, 32.9974)

[node name="FloorTile16" parent="Geometry" instance=ExtResource("6_vt2sq")]
transform = Transform3D(0.999766, 0, 0.0216404, 0, 1, 0, -0.0216404, 0, 0.999766, 8.06125, -3.06185, 32.8896)

[node name="FloorTile7" parent="Geometry" instance=ExtResource("6_vt2sq")]
transform = Transform3D(0.999766, 0, 0.0216404, 0, 1, 0, -0.0216404, 0, 0.999766, 3.18826, -3.06185, 38.0345)

[node name="FloorTile17" parent="Geometry" instance=ExtResource("6_vt2sq")]
transform = Transform3D(0.999766, 0, 0.0216404, 0, 1, 0, -0.0216404, 0, 0.999766, 8.22943, -3.06185, 37.9254)

[node name="FloorTile19" parent="Geometry" instance=ExtResource("6_vt2sq")]
transform = Transform3D(0.707107, 0, 0.707107, 0, 1, 0, -0.707107, 0, 0.707107, 10.7378, 0, 27.9437)

[node name="FloorTile22" parent="Geometry" instance=ExtResource("6_vt2sq")]
transform = Transform3D(0.707107, 0, 0.707107, 0, 1, 0, -0.707107, 0, 0.707107, 14.2099, 0, 24.5301)

[node name="FloorTile20" parent="Geometry" instance=ExtResource("6_vt2sq")]
transform = Transform3D(0.999766, 0, 0.0216404, 0, 1, 0, -0.0216404, 0, 0.999766, 9.61181, 0.0500879, 32.856)

[node name="FloorTile23" parent="Geometry" instance=ExtResource("6_vt2sq")]
transform = Transform3D(0.999766, 0, 0.0216404, 0, 1, 0, -0.0216404, 0, 0.999766, 9.5612, -0.135473, 30.5182)

[node name="FloorTile21" parent="Geometry" instance=ExtResource("6_vt2sq")]
transform = Transform3D(0.999766, 0, 0.0216404, 0, 1, 0, -0.0216404, 0, 0.999766, 9.77998, 0, 37.8918)

[node name="FloorTile24" parent="Geometry" instance=ExtResource("6_vt2sq")]
transform = Transform3D(0.999766, 0, 0.0216404, 0, 1, 0, -0.0216404, 0, 0.999766, 14.7298, 0, 37.7847)

[node name="FloorTile25" parent="Geometry" instance=ExtResource("6_vt2sq")]
transform = Transform3D(0.999766, 0, 0.0216404, 0, 1, 0, -0.0216404, 0, 0.999766, 14.621, 0, 32.7565)

[node name="FloorTile26" parent="Geometry" instance=ExtResource("6_vt2sq")]
transform = Transform3D(0.999766, 0, 0.0216404, 0, 1, 0, -0.0216404, 0, 0.999766, 14.5132, -0.0276065, 27.777)

[node name="FloorTile27" parent="Geometry" instance=ExtResource("6_vt2sq")]
transform = Transform3D(0.999766, 0, 0.0216404, 0, 1, 0, -0.0216404, 0, 0.999766, 19.7619, 0, 37.6757)

[node name="FloorTile28" parent="Geometry" instance=ExtResource("6_vt2sq")]
transform = Transform3D(0.999766, 0, 0.0216404, 0, 1, 0, -0.0216404, 0, 0.999766, 19.6531, 0, 32.6476)

[node name="FloorTile29" parent="Geometry" instance=ExtResource("6_vt2sq")]
transform = Transform3D(0.999766, 0, 0.0216404, 0, 1, 0, -0.0216404, 0, 0.999766, 19.5453, -0.0276065, 27.6681)

[node name="FloorTile30" parent="Geometry" instance=ExtResource("6_vt2sq")]
transform = Transform3D(0.999766, 0, 0.0216404, 0, 1, 0, -0.0216404, 0, 0.999766, 24.8175, 0, 37.5663)

[node name="FloorTile31" parent="Geometry" instance=ExtResource("6_vt2sq")]
transform = Transform3D(0.999766, 0, 0.0216404, 0, 1, 0, -0.0216404, 0, 0.999766, 24.7087, 0, 32.5381)

[node name="FloorTile32" parent="Geometry" instance=ExtResource("6_vt2sq")]
transform = Transform3D(0.999766, 0, 0.0216404, 0, 1, 0, -0.0216404, 0, 0.999766, 24.6009, -0.0276065, 27.5586)

[node name="FloorTile34" parent="Geometry" instance=ExtResource("6_vt2sq")]
transform = Transform3D(0.999766, 0, 0.0216404, 0, 1, 0, -0.0216404, 0, 0.999766, 29.8806, 0, 37.4567)

[node name="FloorTile35" parent="Geometry" instance=ExtResource("6_vt2sq")]
transform = Transform3D(0.999766, 0, 0.0216404, 0, 1, 0, -0.0216404, 0, 0.999766, 29.7718, 0, 32.4285)

[node name="FloorTile37" parent="Geometry" instance=ExtResource("6_vt2sq")]
transform = Transform3D(0.999766, 0, 0.0216404, 0, 1, 0, -0.0216404, 0, 0.999766, 34.8426, 0, 37.3493)

[node name="FloorTile38" parent="Geometry" instance=ExtResource("6_vt2sq")]
transform = Transform3D(0.999766, 0, 0.0216404, 0, 1, 0, -0.0216404, 0, 0.999766, 34.7338, 0, 32.3211)

[node name="FloorTile41" parent="Geometry" instance=ExtResource("6_vt2sq")]
transform = Transform3D(0.999766, 0, 0.0216404, 0, 1, 0, -0.0216404, 0, 0.999766, 34.624, 0, 27.2462)

[node name="FloorTile44" parent="Geometry" instance=ExtResource("6_vt2sq")]
transform = Transform3D(0.999766, 0, 0.0216404, 0, 1, 0, -0.0216404, 0, 0.999766, 34.515, 0, 22.2144)

[node name="FloorTile46" parent="Geometry" instance=ExtResource("6_vt2sq")]
transform = Transform3D(0.999766, 0, 0.0216404, 0, 1, 0, -0.0216404, 0, 0.999766, 34.4068, 0, 17.2135)

[node name="FloorTile55" parent="Geometry" instance=ExtResource("6_vt2sq")]
transform = Transform3D(-0.0487626, -0.373159, 0.926485, -1.14417e-09, 0.927589, 0.373603, -0.99881, 0.0182179, -0.0452317, 34.4252, -0.915134, 12.7325)

[node name="FloorTile56" parent="Geometry" instance=ExtResource("6_vt2sq")]
transform = Transform3D(-0.0487626, -0.373159, 0.926485, -1.14417e-09, 0.927589, 0.373603, -0.99881, 0.0182179, -0.0452317, 29.8553, -2.75793, 12.9556)

[node name="FloorTile42" parent="Geometry" instance=ExtResource("6_vt2sq")]
transform = Transform3D(0.999766, 0, 0.0216404, 0, 1, 0, -0.0216404, 0, 0.999766, 39.6142, 0, 27.1382)

[node name="FloorTile43" parent="Geometry" instance=ExtResource("6_vt2sq")]
transform = Transform3D(0.999766, 0, 0.0216404, 0, 1, 0, -0.0216404, 0, 0.999766, 39.506, 0, 22.1401)

[node name="FloorTile45" parent="Geometry" instance=ExtResource("6_vt2sq")]
transform = Transform3D(0.999766, 0, 0.0216404, 0, 1, 0, -0.0216404, 0, 0.999766, 39.3965, 0, 17.0799)

[node name="FloorTile69" parent="Geometry" instance=ExtResource("6_vt2sq")]
transform = Transform3D(0.999766, 0, 0.0216404, 0, 1, 0, -0.0216404, 0, 0.999766, 39.1632, 0, 12.4299)

[node name="FloorTile65" parent="Geometry" instance=ExtResource("6_vt2sq")]
transform = Transform3D(0.999766, 0, 0.0216404, 0, 1, 0, -0.0216404, 0, 0.999766, 39.087, 0, 2.78133)

[node name="FloorTile66" parent="Geometry" instance=ExtResource("6_vt2sq")]
transform = Transform3D(0.999766, 0, 0.0216404, 0, 1, 0, -0.0216404, 0, 0.999766, 34.0941, 0, 2.88941)

[node name="FloorTile67" parent="Geometry" instance=ExtResource("6_vt2sq")]
transform = Transform3D(0.999766, 0, 0.0216404, 0, 1, 0, -0.0216404, 0, 0.999766, 34.1991, 0, 7.74099)

[node name="FloorTile68" parent="Geometry" instance=ExtResource("6_vt2sq")]
transform = Transform3D(0.999766, 0, 0.0216404, 0, 1, 0, -0.0216404, 0, 0.999766, 39.202, 0, 7.6327)

[node name="FloorTile40" parent="Geometry" instance=ExtResource("6_vt2sq")]
transform = Transform3D(0.999766, 0, 0.0216404, 0, 1, 0, -0.0216404, 0, 0.999766, 39.7124, 0, 32.2133)

[node name="FloorTile39" parent="Geometry" instance=ExtResource("6_vt2sq")]
transform = Transform3D(0.999766, 0, 0.0216404, 0, 1, 0, -0.0216404, 0, 0.999766, 39.8494, 0, 37.2409)

[node name="FloorTile36" parent="Geometry" instance=ExtResource("6_vt2sq")]
transform = Transform3D(0.999766, 0, 0.0216404, 0, 1, 0, -0.0216404, 0, 0.999766, 29.664, -0.0276065, 27.449)

[node name="FloorTile53" parent="Geometry" instance=ExtResource("6_vt2sq")]
transform = Transform3D(0.706613, 0, 0.7076, 0, 1, 0, -0.7076, 0, 0.706613, 28.58, -0.0729976, 25.0117)

[node name="FloorTile54" parent="Geometry" instance=ExtResource("6_vt2sq")]
transform = Transform3D(0.706613, 0, 0.7076, 0, 1, 0, -0.7076, 0, 0.706613, 32.1017, -0.0276065, 21.4849)

[node name="FloorTile57" parent="Geometry" instance=ExtResource("6_vt2sq")]
transform = Transform3D(0.706613, 0, 0.7076, 0, 1, 0, -0.7076, 0, 0.706613, 28.5457, -0.0276065, 17.9339)

[node name="FloorTile62" parent="Geometry" instance=ExtResource("6_vt2sq")]
transform = Transform3D(0.706613, 0, 0.7076, 0, 1, 0, -0.7076, 0, 0.706613, 29.915, -0.124312, 16.5627)

[node name="FloorTile63" parent="Geometry" instance=ExtResource("6_vt2sq")]
transform = Transform3D(0.706613, 0, 0.7076, 0, 1, 0, -0.7076, 0, 0.706613, 26.4013, -0.124312, 13.0539)

[node name="FloorTile64" parent="Geometry" instance=ExtResource("6_vt2sq")]
transform = Transform3D(0.706613, 0, 0.7076, 0, 1, 0, -0.7076, 0, 0.706613, 22.8551, -0.124312, 9.51268)

[node name="FloorTile58" parent="Geometry" instance=ExtResource("6_vt2sq")]
transform = Transform3D(0.706613, 0, 0.7076, 0, 1, 0, -0.7076, 0, 0.706613, 25.0618, -0.0276065, 14.4548)

[node name="FloorTile59" parent="Geometry" instance=ExtResource("6_vt2sq")]
transform = Transform3D(0.706613, 0, 0.7076, 0, 1, 0, -0.7076, 0, 0.706613, 21.5117, -0.0276065, 10.9097)

[node name="FloorTile60" parent="Geometry" instance=ExtResource("6_vt2sq")]
transform = Transform3D(0.706613, 0, 0.7076, 0, 1, 0, -0.7076, 0, 0.706613, 17.9294, -0.0276065, 7.33237)

[node name="FloorTile61" parent="Geometry" instance=ExtResource("6_vt2sq")]
transform = Transform3D(0.706613, 0, 0.7076, 0, 1, 0, -0.7076, 0, 0.706613, 14.3579, -0.044379, 10.9089)

[node name="FloorTile2" parent="Geometry" instance=ExtResource("6_vt2sq")]
transform = Transform3D(0.707107, -0.297381, -0.641533, 0, 0.907264, -0.420561, 0.707107, 0.297381, 0.641533, 7.6489, -0.99753, 17.5482)

[node name="FloorTile3" parent="Geometry" instance=ExtResource("6_vt2sq")]
transform = Transform3D(0.707107, -0.297381, -0.641533, 0, 0.907264, -0.420561, 0.707107, 0.297381, 0.641533, 4.50273, -3.05757, 20.6944)

[node name="WallTile1" parent="Geometry" instance=ExtResource("8_exega")]
transform = Transform3D(0.689518, 0, -0.724268, 0, 1, 0, 0.724268, 0, 0.689518, 17.2379, -3.09101, 18.2561)

[node name="WallTile15" parent="Geometry" instance=ExtResource("8_exega")]
transform = Transform3D(0.711572, 0, -0.702613, 0, 1, 0, 0.702613, 0, 0.711572, 13.8456, -3.09101, 14.8769)

[node name="WallTile25" parent="Geometry" instance=ExtResource("8_exega")]
transform = Transform3D(0.717871, 0, 0.696176, 0, 1, 0, -0.696176, 0, 0.717871, 11.8499, -1.76877, 11.5436)

[node name="WallTile26" parent="Geometry" instance=ExtResource("8_exega")]
transform = Transform3D(0.717871, 0, 0.696176, 0, 1, 0, -0.696176, 0, 0.717871, 13.2251, -1.76877, 12.9617)

[node name="WallTile157" parent="Geometry" instance=ExtResource("8_exega")]
transform = Transform3D(0.717871, 0, 0.696176, 0, 1, 0, -0.696176, 0, 0.717871, 11.8499, -3.00221, 11.5436)

[node name="WallTile158" parent="Geometry" instance=ExtResource("8_exega")]
transform = Transform3D(0.717871, 0, 0.696176, 0, 1, 0, -0.696176, 0, 0.717871, 13.2251, -3.00221, 12.9617)

[node name="WallTile172" parent="Geometry" instance=ExtResource("8_exega")]
transform = Transform3D(0.717871, 0, 0.696176, 0, 1, 0, -0.696176, 0, 0.717871, 13.7584, -3.00221, 13.3692)

[node name="WallTile28" parent="Geometry" instance=ExtResource("8_exega")]
transform = Transform3D(0.717871, 0, 0.696176, 0, 1, 0, -0.696176, 0, 0.717871, 13.9961, -0.0545633, 13.7567)

[node name="WallTile29" parent="Geometry" instance=ExtResource("8_exega")]
transform = Transform3D(0.717871, 0, 0.696176, 0, 1, 0, -0.696176, 0, 0.717871, 15.394, 0.286452, 15.1981)

[node name="WallTile30" parent="Geometry" instance=ExtResource("8_exega")]
transform = Transform3D(0.717871, 0, 0.696176, 0, 1, 0, -0.696176, 0, 0.717871, 16.7951, 0.263218, 16.6428)

[node name="WallTile31" parent="Geometry" instance=ExtResource("8_exega")]
transform = Transform3D(0.717871, 0, 0.696176, 0, 1, 0, -0.696176, 0, 0.717871, 18.1779, -0.0545633, 18.0687)

[node name="WallTile32" parent="Geometry" instance=ExtResource("8_exega")]
transform = Transform3D(0.717871, 0, 0.696176, 0, 1, 0, -0.696176, 0, 0.717871, 19.4717, -0.080879, 19.4029)

[node name="WallTile50" parent="Geometry" instance=ExtResource("8_exega")]
transform = Transform3D(0.717871, 0, 0.696176, 0, 1, 0, -0.696176, 0, 0.717871, 15.0777, -0.080879, 21.6874)

[node name="WallTile51" parent="Geometry" instance=ExtResource("8_exega")]
transform = Transform3D(0.717871, 0, 0.696176, 0, 1, 0, -0.696176, 0, 0.717871, 16.4191, -0.080879, 23.0706)

[node name="WallTile52" parent="Geometry" instance=ExtResource("8_exega")]
transform = Transform3D(0.717871, 0, 0.696176, 0, 1, 0, -0.696176, 0, 0.717871, 17.751, -0.080879, 24.4439)

[node name="WallTile53" parent="Geometry" instance=ExtResource("8_exega")]
transform = Transform3D(0.717871, 0, 0.696176, 0, 1, 0, -0.696176, 0, 0.717871, 19.0669, -0.080879, 25.8008)

[node name="WallTile54" parent="Geometry" instance=ExtResource("8_exega")]
transform = Transform3D(0.717871, 0, 0.696176, 0, 1, 0, -0.696176, 0, 0.717871, 20.4653, -0.080879, 27.2429)

[node name="WallTile55" parent="Geometry" instance=ExtResource("8_exega")]
transform = Transform3D(0.999104, 0, 0.0423115, 0, 1, 0, -0.0423115, 0, 0.999104, 21.2547, -0.080879, 28.8808)

[node name="WallTile56" parent="Geometry" instance=ExtResource("8_exega")]
transform = Transform3D(0.999104, 0, 0.0423115, 0, 1, 0, -0.0423115, 0, 0.999104, 21.3386, -0.080879, 30.8626)

[node name="WallTile57" parent="Geometry" instance=ExtResource("8_exega")]
transform = Transform3D(0.999104, 0, 0.0423115, 0, 1, 0, -0.0423115, 0, 0.999104, 21.4212, -0.884076, 32.8125)

[node name="WallTile58" parent="Geometry" instance=ExtResource("8_exega")]
transform = Transform3D(0.999104, 0, 0.0423115, 0, 1, 0, -0.0423115, 0, 0.999104, 21.5036, -0.080879, 34.7573)

[node name="WallTile59" parent="Geometry" instance=ExtResource("8_exega")]
transform = Transform3D(0.999104, 0, 0.0423115, 0, 1, 0, -0.0423115, 0, 0.999104, 21.5796, -0.080879, 36.5525)

[node name="WallTile60" parent="Geometry" instance=ExtResource("8_exega")]
transform = Transform3D(0.999104, 0, 0.0423115, 0, 1, 0, -0.0423115, 0, 0.999104, 21.6627, -0.080879, 38.5139)

[node name="WallTile61" parent="Geometry" instance=ExtResource("8_exega")]
transform = Transform3D(0.999104, 0, 0.0423115, 0, 1, 0, -0.0423115, 0, 0.999104, 21.7054, -0.080879, 39.5237)

[node name="WallTile72" parent="Geometry" instance=ExtResource("8_exega")]
transform = Transform3D(0.999104, 0, 0.0423115, 0, 1, 0, -0.0423115, 0, 0.999104, 12.1512, -0.080879, 39.4459)

[node name="WallTile73" parent="Geometry" instance=ExtResource("8_exega")]
transform = Transform3D(0.999104, 0, 0.0423115, 0, 1, 0, -0.0423115, 0, 0.999104, 12.0683, -0.080879, 37.487)

[node name="WallTile74" parent="Geometry" instance=ExtResource("8_exega")]
transform = Transform3D(0.999104, 0, 0.0423115, 0, 1, 0, -0.0423115, 0, 0.999104, 11.9845, -0.080879, 35.5095)

[node name="WallTile75" parent="Geometry" instance=ExtResource("8_exega")]
transform = Transform3D(0.999104, 0, 0.0423115, 0, 1, 0, -0.0423115, 0, 0.999104, 11.9023, -0.775452, 33.5686)

[node name="WallTile76" parent="Geometry" instance=ExtResource("8_exega")]
transform = Transform3D(0.999104, 0, 0.0423115, 0, 1, 0, -0.0423115, 0, 0.999104, 11.821, -0.080879, 31.6482)

[node name="WallTile77" parent="Geometry" instance=ExtResource("8_exega")]
transform = Transform3D(0.999104, 0, 0.0423115, 0, 1, 0, -0.0423115, 0, 0.999104, 11.7366, -0.080879, 29.6561)

[node name="WallTile78" parent="Geometry" instance=ExtResource("8_exega")]
transform = Transform3D(0.999104, 0, 0.0423115, 0, 1, 0, -0.0423115, 0, 0.999104, 11.6537, -0.080879, 27.6967)

[node name="WallTile79" parent="Geometry" instance=ExtResource("8_exega")]
transform = Transform3D(0.999104, 0, 0.0423115, 0, 1, 0, -0.0423115, 0, 0.999104, 11.5704, -0.080879, 25.7315)

[node name="WallTile80" parent="Geometry" instance=ExtResource("8_exega")]
transform = Transform3D(0.999104, 0, 0.0423115, 0, 1, 0, -0.0423115, 0, 0.999104, 11.5319, -0.080879, 24.8214)

[node name="WallTile33" parent="Geometry" instance=ExtResource("8_exega")]
transform = Transform3D(0.717871, 0, 0.696176, 0, 1, 0, -0.696176, 0, 0.717871, 20.8935, -0.080879, 20.8691)

[node name="WallTile34" parent="Geometry" instance=ExtResource("8_exega")]
transform = Transform3D(0.717871, 0, 0.696176, 0, 1, 0, -0.696176, 0, 0.717871, 22.3283, -0.080879, 22.3486)

[node name="WallTile35" parent="Geometry" instance=ExtResource("8_exega")]
transform = Transform3D(0.717871, 0, 0.696176, 0, 1, 0, -0.696176, 0, 0.717871, 23.7346, -0.080879, 23.7986)

[node name="WallTile36" parent="Geometry" instance=ExtResource("8_exega")]
transform = Transform3D(0.717871, 0, 0.696176, 0, 1, 0, -0.696176, 0, 0.717871, 25.1534, -0.080879, 25.2617)

[node name="WallTile140" parent="Geometry" instance=ExtResource("8_exega")]
transform = Transform3D(0.717871, 0, 0.696176, 0, 1, 0, -0.696176, 0, 0.717871, 18.5305, -3.07361, 18.3475)

[node name="WallTile141" parent="Geometry" instance=ExtResource("8_exega")]
transform = Transform3D(0.717871, 0, 0.696176, 0, 1, 0, -0.696176, 0, 0.717871, 19.8243, -3.09992, 19.6817)

[node name="WallTile142" parent="Geometry" instance=ExtResource("8_exega")]
transform = Transform3D(0.717871, 0, 0.696176, 0, 1, 0, -0.696176, 0, 0.717871, 21.2461, -3.09992, 21.1479)

[node name="WallTile143" parent="Geometry" instance=ExtResource("8_exega")]
transform = Transform3D(0.717871, 0, 0.696176, 0, 1, 0, -0.696176, 0, 0.717871, 22.6809, -3.09992, 22.6274)

[node name="WallTile144" parent="Geometry" instance=ExtResource("8_exega")]
transform = Transform3D(0.717871, 0, 0.696176, 0, 1, 0, -0.696176, 0, 0.717871, 24.0872, -3.09992, 24.0774)

[node name="WallTile165" parent="Geometry" instance=ExtResource("8_exega")]
transform = Transform3D(-0.685717, 0, 0.727868, 0, 1, 0, -0.727868, 0, -0.685717, 25.6616, -3.09992, 24.3352)

[node name="WallTile166" parent="Geometry" instance=ExtResource("8_exega")]
transform = Transform3D(-0.685717, 0, 0.727868, 0, 1, 0, -0.727868, 0, -0.685717, 27.1318, -3.09992, 22.9501)

[node name="WallTile167" parent="Geometry" instance=ExtResource("8_exega")]
transform = Transform3D(-0.685717, 0, 0.727868, 0, 1, 0, -0.727868, 0, -0.685717, 28.2108, -3.09992, 21.9476)

[node name="WallTile145" parent="Geometry" instance=ExtResource("8_exega")]
transform = Transform3D(0.717871, 0, 0.696176, 0, 1, 0, -0.696176, 0, 0.717871, 25.506, -3.09992, 25.5405)

[node name="WallTile62" parent="Geometry" instance=ExtResource("8_exega")]
transform = Transform3D(0.717871, 0, 0.696176, 0, 1, 0, -0.696176, 0, 0.717871, 26.5331, -0.080879, 26.6844)

[node name="WallTile63" parent="Geometry" instance=ExtResource("8_exega")]
transform = Transform3D(0.717871, 0, 0.696176, 0, 1, 0, -0.696176, 0, 0.717871, 27.9289, -0.080879, 28.1237)

[node name="WallTile64" parent="Geometry" instance=ExtResource("8_exega")]
transform = Transform3D(0.717871, 0, 0.696176, 0, 1, 0, -0.696176, 0, 0.717871, 29.3136, -0.080879, 29.5515)

[node name="WallTile65" parent="Geometry" instance=ExtResource("8_exega")]
transform = Transform3D(0.717871, 0, 0.696176, 0, 1, 0, -0.696176, 0, 0.717871, 30.6994, -0.080879, 30.9806)

[node name="WallTile66" parent="Geometry" instance=ExtResource("8_exega")]
transform = Transform3D(0.717871, 0, 0.696176, 0, 1, 0, -0.696176, 0, 0.717871, 32.1145, -0.080879, 32.4397)

[node name="WallTile67" parent="Geometry" instance=ExtResource("8_exega")]
transform = Transform3D(0.717871, 0, 0.696176, 0, 1, 0, -0.696176, 0, 0.717871, 36.0446, -0.080879, 27.3965)

[node name="WallTile83" parent="Geometry" instance=ExtResource("8_exega")]
transform = Transform3D(0.999994, 0, -0.00352538, 0, 1, 0, 0.00352538, 0, 0.999994, 35.4156, -0.080879, 25.6968)

[node name="WallTile84" parent="Geometry" instance=ExtResource("8_exega")]
transform = Transform3D(0.999994, 0, -0.00352538, 0, 1, 0, 0.00352538, 0, 0.999994, 35.4421, -0.080879, 23.7029)

[node name="WallTile86" parent="Geometry" instance=ExtResource("8_exega")]
transform = Transform3D(-0.00425843, 0, -0.999991, 0, 1, 0, 0.999991, 0, -0.00425843, 36.243, -1.7126, 23.7063)

[node name="WallTile87" parent="Geometry" instance=ExtResource("8_exega")]
transform = Transform3D(-0.00425843, 0, -0.999991, 0, 1, 0, 0.999991, 0, -0.00425843, 38.169, -1.7126, 23.7145)

[node name="WallTile88" parent="Geometry" instance=ExtResource("8_exega")]
transform = Transform3D(-0.00425843, 0, -0.999991, 0, 1, 0, 0.999991, 0, -0.00425843, 40.0643, -1.7126, 23.7226)

[node name="WallTile85" parent="Geometry" instance=ExtResource("8_exega")]
transform = Transform3D(0.999994, 0, -0.00352538, 0, 1, 0, 0.00352538, 0, 0.999994, 35.4957, -0.080879, 21.6951)

[node name="WallTile92" parent="Geometry" instance=ExtResource("8_exega")]
transform = Transform3D(0.999994, 0, -0.00352538, 0, 1, 0, 0.00352538, 0, 0.999994, 35.5027, -0.080879, 19.7133)

[node name="WallTile89" parent="Geometry" instance=ExtResource("8_exega")]
transform = Transform3D(-0.00616082, 0, -0.999981, 0, 1, 0, 0.999981, 0, -0.00616082, 36.4661, -0.080879, 18.5376)

[node name="WallTile93" parent="Geometry" instance=ExtResource("8_exega")]
transform = Transform3D(-0.999999, 0, 0.00118662, 0, 1, 0, -0.00118662, 0, -0.999999, 31.9274, -0.08088, 17.8503)

[node name="WallTile97" parent="Geometry" instance=ExtResource("8_exega")]
transform = Transform3D(-0.677467, 0, 0.735553, 0, 1, 0, -0.735553, 0, -0.677467, 31.2804, -0.08088, 19.4923)

[node name="WallTile99" parent="Geometry" instance=ExtResource("8_exega")]
transform = Transform3D(0.690201, 0, 0.723618, 0, 1, 0, -0.723618, 0, 0.690201, 28.2878, -0.0808795, 20.9213)

[node name="WallTile100" parent="Geometry" instance=ExtResource("8_exega")]
transform = Transform3D(0.690201, 0, 0.723618, 0, 1, 0, -0.723618, 0, 0.690201, 26.8466, -0.0808795, 19.5466)

[node name="WallTile101" parent="Geometry" instance=ExtResource("8_exega")]
transform = Transform3D(0.690201, 0, 0.723618, 0, 1, 0, -0.723618, 0, 0.690201, 25.4329, -0.0808795, 18.1982)

[node name="WallTile146" parent="Geometry" instance=ExtResource("8_exega")]
transform = Transform3D(0.690201, 0, 0.723618, 0, 1, 0, -0.723618, 0, 0.690201, 28.2878, -3.04361, 20.9213)

[node name="WallTile147" parent="Geometry" instance=ExtResource("8_exega")]
transform = Transform3D(0.690201, 0, 0.723618, 0, 1, 0, -0.723618, 0, 0.690201, 26.8466, -3.04361, 19.5466)

[node name="WallTile148" parent="Geometry" instance=ExtResource("8_exega")]
transform = Transform3D(0.690201, 0, 0.723618, 0, 1, 0, -0.723618, 0, 0.690201, 25.4329, -3.04361, 18.1982)

[node name="WallTile149" parent="Geometry" instance=ExtResource("8_exega")]
transform = Transform3D(0.72953, 0, 0.683949, 0, 1, 0, -0.683949, 0, 0.72953, 23.935, -3.04361, 16.8034)

[node name="WallTile150" parent="Geometry" instance=ExtResource("8_exega")]
transform = Transform3D(0.72953, 0, 0.683949, 0, 1, 0, -0.683949, 0, 0.72953, 22.5728, -3.04361, 15.3503)

[node name="WallTile151" parent="Geometry" instance=ExtResource("8_exega")]
transform = Transform3D(0.72953, 0, 0.683949, 0, 1, 0, -0.683949, 0, 0.72953, 21.2365, -3.04361, 13.925)

[node name="WallTile152" parent="Geometry" instance=ExtResource("8_exega")]
transform = Transform3D(0.697915, 0, 0.71618, 0, 1, 0, -0.71618, 0, 0.697915, 20.1497, -3.04361, 12.8902)

[node name="WallTile153" parent="Geometry" instance=ExtResource("8_exega")]
transform = Transform3D(0.697915, 0, 0.71618, 0, 1, 0, -0.71618, 0, 0.697915, 18.7506, -3.04361, 11.5267)

[node name="WallTile154" parent="Geometry" instance=ExtResource("8_exega")]
transform = Transform3D(0.977331, 0, 0.211717, 0, 1, 0, -0.211717, 0, 0.977331, 27.5061, -3.04361, 13.8278)

[node name="WallTile155" parent="Geometry" instance=ExtResource("8_exega")]
transform = Transform3D(0.977331, 0, 0.211717, 0, 1, 0, -0.211717, 0, 0.977331, 27.0844, -3.04361, 11.8812)

[node name="WallTile156" parent="Geometry" instance=ExtResource("8_exega")]
transform = Transform3D(0.907748, 0, 0.419516, 0, 1, 0, -0.419516, 0, 0.907748, 26.5481, -3.04361, 10.2808)

[node name="WallTile168" parent="Geometry" instance=ExtResource("8_exega")]
transform = Transform3D(0.72953, 0, 0.683949, 0, 1, 0, -0.683949, 0, 0.72953, 25.6107, -3.12829, 8.93573)

[node name="WallTile169" parent="Geometry" instance=ExtResource("8_exega")]
transform = Transform3D(0.697915, 0, 0.71618, 0, 1, 0, -0.71618, 0, 0.697915, 24.5239, -3.12829, 7.90087)

[node name="WallTile171" parent="Geometry" instance=ExtResource("8_exega")]
transform = Transform3D(0.662214, 0, 0.749314, 0, 1, 0, -0.749314, 0, 0.662214, 23.5051, -3.12829, 7.03166)

[node name="WallTile114" parent="Geometry" instance=ExtResource("8_exega")]
transform = Transform3D(0.690201, 0, 0.723618, 0, 1, 0, -0.723618, 0, 0.690201, 31.0184, -0.0808795, 14.1302)

[node name="WallTile115" parent="Geometry" instance=ExtResource("8_exega")]
transform = Transform3D(0.690201, 0, 0.723618, 0, 1, 0, -0.723618, 0, 0.690201, 29.5487, -0.0808795, 12.7283)

[node name="WallTile116" parent="Geometry" instance=ExtResource("8_exega")]
transform = Transform3D(0.690201, 0, 0.723618, 0, 1, 0, -0.723618, 0, 0.690201, 28.0847, -0.0808795, 11.332)

[node name="WallTile117" parent="Geometry" instance=ExtResource("8_exega")]
transform = Transform3D(0.690201, 0, 0.723618, 0, 1, 0, -0.723618, 0, 0.690201, 26.6412, -0.0808795, 9.95511)

[node name="WallTile118" parent="Geometry" instance=ExtResource("8_exega")]
transform = Transform3D(0.690201, 0, 0.723618, 0, 1, 0, -0.723618, 0, 0.690201, 23.5041, -0.0808795, 6.78131)

[node name="WallTile102" parent="Geometry" instance=ExtResource("8_exega")]
