[gd_scene load_steps=15 format=3 uid="uid://bbu45o3pef4kc"]

[ext_resource type="PackedScene" uid="uid://bu71ca4byh12r" path="res://assets/prefabs/tiles/outer_wall_tile_1.tscn" id="5_4jdjc"]
[ext_resource type="PackedScene" uid="uid://pc3k2vyryge5" path="res://assets/prefabs/button.tscn" id="5_jxc0d"]
[ext_resource type="PackedScene" uid="uid://dcjw51pfs7v86" path="res://assets/prefabs/door.tscn" id="6_trpuh"]
[ext_resource type="PackedScene" uid="uid://b06ku0w7nydkk" path="res://assets/prefabs/power_line.tscn" id="8_roq5e"]
[ext_resource type="PackedScene" uid="uid://cf24rsq3p2ei1" path="res://assets/prefabs/tiles/floor_tile_1.tscn" id="9_34wva"]
[ext_resource type="PackedScene" uid="uid://bdguoqhpmcppa" path="res://assets/prefabs/tiles/wall_tile_1.tscn" id="10_kot3v"]

[sub_resource type="QuadMesh" id="QuadMesh_l1iiy"]
size = Vector2(0.1, 1)

[sub_resource type="StandardMaterial3D" id="StandardMaterial3D_kbvu8"]

[sub_resource type="QuadMesh" id="QuadMesh_3xc1g"]
size = Vector2(0.1, 3)

[sub_resource type="QuadMesh" id="QuadMesh_augpf"]
size = Vector2(0.1, 20)

[sub_resource type="QuadMesh" id="QuadMesh_y3flv"]
size = Vector2(0.1, 1.7)

[sub_resource type="QuadMesh" id="QuadMesh_rbb1c"]
size = Vector2(0.1, 6.6)

[sub_resource type="CylinderMesh" id="CylinderMesh_ostqh"]
top_radius = 10.0
bottom_radius = 10.0
height = 100.0

[sub_resource type="BoxShape3D" id="BoxShape3D_hwx6n"]
size = Vector3(41.5291, 1, 42.7687)

[node name="Level4" type="Node3D"]

[node name="Gameplay" type="Node3D" parent="."]

[node name="ControlRoom" type="Node3D" parent="Gameplay"]

[node name="Door" parent="Gameplay/ControlRoom" instance=ExtResource("6_trpuh")]
transform = Transform3D(-4.37114e-08, 0, -0.999999, 0, 1, 0, 0.999999, 0, -4.37114e-08, 0.121644, 13.3394, 4.83503)

[node name="Button" parent="Gameplay/ControlRoom" instance=ExtResource("5_jxc0d")]
transform = Transform3D(0.707107, 0, 0.707107, 0, 1, 0, -0.707107, 0, 0.707107, 14.1085, 0.076628, 10.3727)

[node name="PowerLine" parent="Gameplay/ControlRoom" instance=ExtResource("8_roq5e")]
transform = Transform3D(1, 0, 0, 0, 1, 0, 0, 0, 1, 28.0987, 0.076628, 11.8457)

[node name="Line1" type="CSGMesh3D" parent="Gameplay/ControlRoom/PowerLine"]
transform = Transform3D(0.707107, -0.707107, -3.09086e-08, 0, -4.37114e-08, 1, -0.707107, -0.707107, -3.09086e-08, -15.1064, -0.0623998, -2.53599)
mesh = SubResource("QuadMesh_l1iiy")
material = SubResource("StandardMaterial3D_kbvu8")

[node name="Line2" type="CSGMesh3D" parent="Gameplay/ControlRoom/PowerLine"]
transform = Transform3D(0.707107, 0.000592291, 0.707107, 0, 1, -0.000837684, -0.707107, 0.000592291, 0.707107, -15.2885, 1.39853, -2.7285)
mesh = SubResource("QuadMesh_3xc1g")
material = SubResource("StandardMaterial3D_kbvu8")

[node name="Line3" type="CSGMesh3D" parent="Gameplay/ControlRoom/PowerLine"]
transform = Transform3D(0.441146, 0.000592291, 0.897435, 0.000270256, 0.999999, -0.000792887, -0.897435, 0.000592291, 0.441145, -19.4333, 3.25056, -6.86313)
mesh = SubResource("QuadMesh_augpf")
material = SubResource("StandardMaterial3D_kbvu8")

[node name="Line4" type="CSGMesh3D" parent="Gameplay/ControlRoom/PowerLine"]
transform = Transform3D(0.707107, -0.707107, -3.09086e-08, 0, -4.37114e-08, 1, -0.707107, -0.707107, -3.09086e-08, -20.086, 13.2978, -7.4798)
mesh = SubResource("QuadMesh_y3flv")
material = SubResource("StandardMaterial3D_kbvu8")

[node name="Line5" type="CSGMesh3D" parent="Gameplay/ControlRoom/PowerLine"]
transform = Transform3D(-4.37114e-08, -1, -4.37114e-08, 0, -4.37114e-08, 1, -1, 4.37114e-08, 1.91069e-15, -23.9659, 13.2978, -8.07364)
mesh = SubResource("QuadMesh_rbb1c")
material = SubResource("StandardMaterial3D_kbvu8")

[node name="Geometry" type="Node3D" parent="."]

[node name="FloorTile1" parent="Geometry" instance=ExtResource("9_34wva")]
transform = Transform3D(0.707107, 0, -0.707107, 0, 1, 0, 0.707107, 0, 0.707107, 16.0074, 0, 9.50984)

[node name="FloorTile4" parent="Geometry" instance=ExtResource("9_34wva")]
transform = Transform3D(0.707107, 0, -0.707107, 0, 1, 0, 0.707107, 0, 0.707107, 12.4214, 0, 13.0958)

[node name="FloorTile5" parent="Geometry" instance=ExtResource("9_34wva")]
transform = Transform3D(0.707107, 0, -0.707107, 0, 1, 0, 0.707107, 0, 0.707107, 8.83571, 0, 16.6815)

[node name="WallTile1" parent="Geometry" instance=ExtResource("5_4jdjc")]
transform = Transform3D(-0.707107, 0, 0.707107, 0, 1, 0, -0.707107, 0, -0.707107, 12.6813, 0, 9.18428)

[node name="WallTile5" parent="Geometry" instance=ExtResource("5_4jdjc")]
transform = Transform3D(-0.707107, 0, 0.707107, 0, 1, 0, -0.707107, 0, -0.707107, 10.5435, 0, 11.3221)

[node name="WallTile6" parent="Geometry" instance=ExtResource("5_4jdjc")]
transform = Transform3D(-0.707107, 0, 0.707107, 0, 1, 0, -0.707107, 0, -0.707107, 8.43416, 0, 13.4314)

[node name="WallTile7" parent="Geometry" instance=ExtResource("5_4jdjc")]
transform = Transform3D(-0.707107, 0, 0.707107, 0, 1, 0, -0.707107, 0, -0.707107, 6.29681, 0, 15.5688)

[node name="WallTile8" parent="Geometry" instance=ExtResource("5_4jdjc")]
transform = Transform3D(-0.707107, 0, 0.707107, 0, 1, 0, -0.707107, 0, -0.707107, 4.14977, 0, 17.7158)

[node name="WallTile9" parent="Geometry" instance=ExtResource("5_4jdjc")]
transform = Transform3D(-0.707107, 0, 0.707107, 0, 1, 0, -0.707107, 0, -0.707107, 2.00514, 0, 19.8604)

[node name="WallTile10" parent="Geometry" instance=ExtResource("5_4jdjc")]
transform = Transform3D(-1, 0, -8.74228e-08, 0, 1, 0, 8.74228e-08, 0, -1, 0.940687, -2.38419e-07, 22.3447)

[node name="WallTile11" parent="Geometry" instance=ExtResource("5_4jdjc")]
transform = Transform3D(-1, 0, -8.74228e-08, 0, 1, 0, 8.74228e-08, 0, -1, 0.940687, -2.38419e-07, 25.3813)

[node name="WallTile12" parent="Geometry" instance=ExtResource("5_4jdjc")]
transform = Transform3D(-1, 0, -8.74228e-08, 0, 1, 0, 8.74228e-08, 0, -1, 0.940687, -2.38419e-07, 28.3897)

[node name="WallTile13" parent="Geometry" instance=ExtResource("5_4jdjc")]
transform = Transform3D(-1, 0, -8.74228e-08, 0, 1, 0, 8.74228e-08, 0, -1, 0.940687, -2.38419e-07, 31.4104)

[node name="WallTile14" parent="Geometry" instance=ExtResource("5_4jdjc")]
transform = Transform3D(-1, 0, -8.74228e-08, 0, 1, 0, 8.74228e-08, 0, -1, 0.940688, -2.38419e-07, 34.4433)

[node name="WallTile15" parent="Geometry" instance=ExtResource("5_4jdjc")]
transform = Transform3D(-1, 0, -8.74228e-08, 0, 1, 0, 8.74228e-08, 0, -1, 0.940688, -2.38419e-07, 37.4404)

[node name="WallTile16" parent="Geometry" instance=ExtResource("5_4jdjc")]
transform = Transform3D(-1, 0, -8.74228e-08, 0, 1, 0, 8.74228e-08, 0, -1, 0.940688, -2.38419e-07, 40.4652)

[node name="WallTile17" parent="Geometry" instance=ExtResource("5_4jdjc")]
transform = Transform3D(-0.000663348, 0, 1, 0, 1, 0, -1, 0, -0.000663348, 39.7411, -2.38419e-07, 1.75484)

[node name="WallTile24" parent="Geometry" instance=ExtResource("5_4jdjc")]
transform = Transform3D(0.994654, 0, -0.103261, 0, 1, 0, 0.103261, 0, 0.994654, 40.9701, -2.38419e-07, 3.1633)

[node name="WallTile25" parent="Geometry" instance=ExtResource("5_4jdjc")]
transform = Transform3D(0.9872, 0, -0.159485, 0, 1, 0, 0.159485, 0, 0.9872, 40.5461, -2.38419e-07, 6.15635)

[node name="WallTile26" parent="Geometry" instance=ExtResource("5_4jdjc")]
transform = Transform3D(0.976126, 0, -0.217206, 0, 1, 0, 0.217206, 0, 0.976126, 40.0029, -2.38419e-07, 9.13306)

[node name="WallTile27" parent="Geometry" instance=ExtResource("5_4jdjc")]
transform = Transform3D(0.955284, 0, -0.295691, 0, 1, 0, 0.295691, 0, 0.955284, 39.271, -2.38419e-07, 12.0216)

[node name="WallTile28" parent="Geometry" instance=ExtResource("5_4jdjc")]
transform = Transform3D(0.94107, 0, -0.338212, 0, 1, 0, 0.338212, 0, 0.94107, 38.2878, -2.38419e-07, 14.8259)

[node name="WallTile29" parent="Geometry" instance=ExtResource("5_4jdjc")]
transform = Transform3D(0.905473, 0, -0.424405, 0, 1, 0, 0.424405, 0, 0.905473, 37.126, -2.38419e-07, 17.5517)

[node name="WallTile30" parent="Geometry" instance=ExtResource("5_4jdjc")]
transform = Transform3D(0.873024, 0, -0.487677, 0, 1, 0, 0.487677, 0, 0.873024, 35.7878, -2.38419e-07, 20.1536)

[node name="WallTile31" parent="Geometry" instance=ExtResource("5_4jdjc")]
transform = Transform3D(0.837843, 0, -0.545912, 0, 1, 0, 0.545912, 0, 0.837843, 34.2169, -2.38419e-07, 22.7253)

[node name="WallTile32" parent="Geometry" instance=ExtResource("5_4jdjc")]
transform = Transform3D(0.796467, 0, -0.604683, 0, 1, 0, 0.604683, 0, 0.796467, 32.5257, -0.0323517, 25.1651)

[node name="WallTile33" parent="Geometry" instance=ExtResource("5_4jdjc")]
transform = Transform3D(0.741273, 0, -0.671203, 0, 1, 0, 0.671203, 0, 0.741273, 30.5794, -0.0323517, 27.4834)

[node name="WallTile34" parent="Geometry" instance=ExtResource("5_4jdjc")]
transform = Transform3D(0.697328, 0, -0.716752, 0, 1, 0, 0.716752, 0, 0.697328, 28.5276, -0.0323517, 29.6059)

[node name="WallTile35" parent="Geometry" instance=ExtResource("5_4jdjc")]
transform = Transform3D(0.649873, 0, -0.760043, 0, 1, 0, 0.760043, 0, 0.649873, 26.3168, -0.0323517, 31.6001)

[node name="WallTile36" parent="Geometry" instance=ExtResource("5_4jdjc")]
transform = Transform3D(0.597863, 0, -0.801598, 0, 1, 0, 0.801598, 0, 0.597863, 24.0005, -0.0323517, 33.3907)

[node name="WallTile37" parent="Geometry" instance=ExtResource("5_4jdjc")]
transform = Transform3D(0.511698, 0, -0.859165, 0, 1, 0, 0.859165, 0, 0.511698, 21.542, -0.0323517, 35.0584)

[node name="WallTile38" parent="Geometry" instance=ExtResource("5_4jdjc")]
transform = Transform3D(0.476223, 0, -0.879325, 0, 1, 0, 0.879325, 0, 0.476223, 18.9444, -0.0323513, 36.5136)

[node name="WallTile39" parent="Geometry" instance=ExtResource("5_4jdjc")]
transform = Transform3D(0.383844, 0, -0.923398, 0, 1, 0, 0.923398, 0, 0.383844, 16.2519, -0.0323513, 37.8182)

[node name="WallTile40" parent="Geometry" instance=ExtResource("5_4jdjc")]
transform = Transform3D(0.37472, 0, -0.927138, 0, 1, 0, 0.927138, 0, 0.37472, 13.5251, -0.0323513, 38.9436)

[node name="WallTile41" parent="Geometry" instance=ExtResource("5_4jdjc")]
transform = Transform3D(0.346281, 0, -0.938131, 0, 1, 0, 0.938131, 0, 0.346281, 10.7188, -0.0323513, 40.0104)

[node name="WallTile42" parent="Geometry" instance=ExtResource("5_4jdjc")]
transform = Transform3D(0.215247, 0, -0.97656, 0, 1, 0, 0.97656, 0, 0.215247, 7.9304, -0.0323513, 40.8634)

[node name="WallTile43" parent="Geometry" instance=ExtResource("5_4jdjc")]
transform = Transform3D(0.188924, 0, -0.981992, 0, 1, 0, 0.981992, 0, 0.188924, 5.07411, -0.0323513, 41.4301)

[node name="WallTile44" parent="Geometry" instance=ExtResource("5_4jdjc")]
transform = Transform3D(0.0808425, 0, -0.996727, 0, 1, 0, 0.996727, 0, 0.0808425, 2.28103, -0.0323513, 41.8261)

[node name="WallTile18" parent="Geometry" instance=ExtResource("5_4jdjc")]
transform = Transform3D(-0.000663348, 0, 1, 0, 1, 0, -1, 0, -0.000663348, 36.7044, -2.38419e-07, 1.75685)

[node name="WallTile19" parent="Geometry" instance=ExtResource("5_4jdjc")]
transform = Transform3D(-0.000663348, 0, 1, 0, 1, 0, -1, 0, -0.000663348, 33.696, -2.38419e-07, 1.75885)

[node name="WallTile20" parent="Geometry" instance=ExtResource("5_4jdjc")]
transform = Transform3D(-0.000663348, 0, 1, 0, 1, 0, -1, 0, -0.000663348, 30.6754, -2.38419e-07, 1.76085)

[node name="WallTile21" parent="Geometry" instance=ExtResource("5_4jdjc")]
transform = Transform3D(-0.000663348, 0, 1, 0, 1, 0, -1, 0, -0.000663348, 27.6425, -2.38419e-07, 1.76286)

[node name="WallTile22" parent="Geometry" instance=ExtResource("5_4jdjc")]
transform = Transform3D(-0.000663348, 0, 1, 0, 1, 0, -1, 0, -0.000663348, 24.6454, -2.38419e-07, 1.76485)

[node name="WallTile23" parent="Geometry" instance=ExtResource("5_4jdjc")]
transform = Transform3D(-0.000663348, 0, 1, 0, 1, 0, -1, 0, -0.000663348, 21.6206, -2.38419e-07, 1.76686)

[node name="WallTile2" parent="Geometry" instance=ExtResource("5_4jdjc")]
transform = Transform3D(-0.707107, 0, 0.707107, 0, 1, 0, -0.707107, 0, -0.707107, 14.8195, 0, 7.04609)

[node name="WallTile3" parent="Geometry" instance=ExtResource("5_4jdjc")]
transform = Transform3D(-0.707107, 0, 0.707107, 0, 1, 0, -0.707107, 0, -0.707107, 16.9506, 0, 4.91494)

[node name="WallTile4" parent="Geometry" instance=ExtResource("5_4jdjc")]
transform = Transform3D(-0.707107, 0, 0.707107, 0, 1, 0, -0.707107, 0, -0.707107, 19.084, 0, 2.78154)

[node name="FloorTile2" parent="Geometry" instance=ExtResource("9_34wva")]
transform = Transform3D(0.707107, 0, -0.707107, 0, 1, 0, 0.707107, 0, 0.707107, 19.6299, -3.01101, 13.1494)

[node name="FloorTile9" parent="Geometry" instance=ExtResource("9_34wva")]
transform = Transform3D(0.707107, 0, -0.707107, 0, 1, 0, 0.707107, 0, 0.707107, 23.2086, -3.01101, 9.57071)

[node name="FloorTile10" parent="Geometry" instance=ExtResource("9_34wva")]
transform = Transform3D(0.707107, 0, -0.707107, 0, 1, 0, 0.707107, 0, 0.707107, 19.5961, -3.01101, 5.95827)

[node name="FloorTile3" parent="Geometry" instance=ExtResource("9_34wva")]
transform = Transform3D(0.707107, 0, -0.707107, 0, 1, 0, 0.707107, 0, 0.707107, 16.0794, -3.01101, 16.6999)

[node name="FloorTile6" parent="Geometry" instance=ExtResource("9_34wva")]
transform = Transform3D(0.707107, 0, -0.707107, 0, 1, 0, 0.707107, 0, 0.707107, 12.5593, -3.01101, 20.22)

[node name="FloorTile7" parent="Geometry" instance=ExtResource("9_34wva")]
transform = Transform3D(0.707107, 0, -0.707107, 0, 1, 0, 0.707107, 0, 0.707107, 9.06536, -3.01101, 23.7139)

[node name="FloorTile11" parent="Geometry" instance=ExtResource("9_34wva")]
transform = Transform3D(0.707107, 0, -0.707107, 0, 1, 0, 0.707107, 0, 0.707107, 23.2124, -3.01101, 16.7548)

[node name="FloorTile12" parent="Geometry" instance=ExtResource("9_34wva")]
transform = Transform3D(0.707107, 0, -0.707107, 0, 1, 0, 0.707107, 0, 0.707107, 26.7911, -3.01101, 13.1761)

[node name="FloorTile13" parent="Geometry" instance=ExtResource("9_34wva")]
transform = Transform3D(0.707107, 0, -0.707107, 0, 1, 0, 0.707107, 0, 0.707107, 19.6619, -3.01101, 20.3053)

[node name="FloorTile14" parent="Geometry" instance=ExtResource("9_34wva")]
transform = Transform3D(0.707107, 0, -0.707107, 0, 1, 0, 0.707107, 0, 0.707107, 16.1418, -3.01101, 23.8254)

[node name="FloorTile15" parent="Geometry" instance=ExtResource("9_34wva")]
transform = Transform3D(0.707107, 0, -0.707107, 0, 1, 0, 0.707107, 0, 0.707107, 12.6479, -3.01101, 27.3194)

[node name="FloorTile16" parent="Geometry" instance=ExtResource("9_34wva")]
transform = Transform3D(0.607641, -0.361624, -0.707107, 0.511413, 0.859335, 0, 0.607641, -0.361624, 0.707107, 27.2959, -1.83741, 19.0219)

[node name="FloorTile55" parent="Geometry" instance=ExtResource("9_34wva")]
transform = Transform3D(0.607641, -0.361624, -0.707107, 0.511413, 0.859335, 0, 0.607641, -0.361624, 0.707107, 28.0069, -1.23905, 19.7329)

[node name="FloorTile17" parent="Geometry" instance=ExtResource("9_34wva")]
transform = Transform3D(0.707107, 0, -0.707107, 0, 1, 0, 0.707107, 0, 0.707107, 30.3037, 0, 16.5067)

[node name="FloorTile18" parent="Geometry" instance=ExtResource("9_34wva")]
transform = Transform3D(0.707107, 0, -0.707107, 0, 1, 0, 0.707107, 0, 0.707107, 24.0568, 0, 22.7535)

[node name="FloorTile54" parent="Geometry" instance=ExtResource("9_34wva")]
transform = Transform3D(0.707107, 0, -0.707107, 0, 1, 0, 0.707107, 0, 0.707107, 23.1902, 0, 23.6202)

[node name="FloorTile19" parent="Geometry" instance=ExtResource("9_34wva")]
transform = Transform3D(0.707107, 0, -0.707107, 0, 1, 0, 0.707107, 0, 0.707107, 19.6544, 0, 27.156)

[node name="FloorTile20" parent="Geometry" instance=ExtResource("9_34wva")]
transform = Transform3D(0.707107, 0, -0.707107, 0, 1, 0, 0.707107, 0, 0.707107, 16.1605, 0, 30.6499)

[node name="FloorTile21" parent="Geometry" instance=ExtResource("9_34wva")]
transform = Transform3D(0.707107, 0, -0.707107, 0, 1, 0, 0.707107, 0, 0.707107, 30.3175, 0, 23.6501)

[node name="FloorTile22" parent="Geometry" instance=ExtResource("9_34wva")]
transform = Transform3D(0.707107, 0, -0.707107, 0, 1, 0, 0.707107, 0, 0.707107, 33.8962, 0, 20.0714)

[node name="FloorTile29" parent="Geometry" instance=ExtResource("9_34wva")]
transform = Transform3D(0.707107, 0, -0.707107, 0, 1, 0, 0.707107, 0, 0.707107, 33.8276, 0, 12.9095)

[node name="FloorTile30" parent="Geometry" instance=ExtResource("9_34wva")]
transform = Transform3D(0.707107, 0, -0.707107, 0, 1, 0, 0.707107, 0, 0.707107, 37.4201, 0, 16.4743)

[node name="FloorTile31" parent="Geometry" instance=ExtResource("9_34wva")]
transform = Transform3D(0.707107, 0, -0.707107, 0, 1, 0, 0.707107, 0, 0.707107, 26.6729, 0, 5.80032)

[node name="FloorTile39" parent="Geometry" instance=ExtResource("9_34wva")]
transform = Transform3D(0.707107, 0, -0.707107, 0, 1, 0, 0.707107, 0, 0.707107, 23.1276, 4.76837e-07, 2.25746)

[node name="FloorTile32" parent="Geometry" instance=ExtResource("9_34wva")]
transform = Transform3D(0.707107, 0, -0.707107, 0, 1, 0, 0.707107, 0, 0.707107, 30.2654, 0, 9.36511)

[node name="FloorTile33" parent="Geometry" instance=ExtResource("9_34wva")]
transform = Transform3D(0.707107, 0, -0.707107, 0, 1, 0, 0.707107, 0, 0.707107, 30.2413, 0, 2.27935)

[node name="FloorTile34" parent="Geometry" instance=ExtResource("9_34wva")]
transform = Transform3D(0.707107, 0, -0.707107, 0, 1, 0, 0.707107, 0, 0.707107, 33.8338, 0, 5.84414)

[node name="FloorTile35" parent="Geometry" instance=ExtResource("9_34wva")]
transform = Transform3D(0.707107, 0, -0.707107, 0, 1, 0, 0.707107, 0, 0.707107, 37.3778, 9.53674e-07, 9.36139)

[node name="FloorTile36" parent="Geometry" instance=ExtResource("9_34wva")]
transform = Transform3D(0.707107, 0, -0.707107, 0, 1, 0, 0.707107, 0, 0.707107, 40.9703, 9.53674e-07, 12.9262)

[node name="FloorTile37" parent="Geometry" instance=ExtResource("9_34wva")]
transform = Transform3D(0.707107, 0, -0.707107, 0, 1, 0, 0.707107, 0, 0.707107, 36.6841, 1.90735e-06, 1.72521)

[node name="FloorTile38" parent="Geometry" instance=ExtResource("9_34wva")]
transform = Transform3D(0.707107, 0, -0.707107, 0, 1, 0, 0.707107, 0, 0.707107, 40.2766, 1.90735e-06, 5.29)

[node name="FloorTile23" parent="Geometry" instance=ExtResource("9_34wva")]
transform = Transform3D(0.707107, 0, -0.707107, 0, 1, 0, 0.707107, 0, 0.707107, 26.7671, 0, 27.2006)

[node name="FloorTile24" parent="Geometry" instance=ExtResource("9_34wva")]
transform = Transform3D(0.707107, 0, -0.707107, 0, 1, 0, 0.707107, 0, 0.707107, 23.2469, 0, 30.7208)

[node name="FloorTile26" parent="Geometry" instance=ExtResource("9_34wva")]
transform = Transform3D(0.707107, 0, -0.707107, 0, 1, 0, 0.707107, 0, 0.707107, 33.8721, 0, 27.2221)

[node name="FloorTile27" parent="Geometry" instance=ExtResource("9_34wva")]
transform = Transform3D(0.707107, 0, -0.707107, 0, 1, 0, 0.707107, 0, 0.707107, 30.3216, 0, 30.7726)

[node name="FloorTile28" parent="Geometry" instance=ExtResource("9_34wva")]
transform = Transform3D(0.707107, 0, -0.707107, 0, 1, 0, 0.707107, 0, 0.707107, 26.8015, 0, 34.2927)

[node name="FloorTile25" parent="Geometry" instance=ExtResource("9_34wva")]
transform = Transform3D(0.707107, 0, -0.707107, 0, 1, 0, 0.707107, 0, 0.707107, 19.753, 0, 34.2147)

[node name="FloorTile40" parent="Geometry" instance=ExtResource("9_34wva")]
transform = Transform3D(0.707107, 0, -0.707107, 0, 1, 0, 0.707107, 0, 0.707107, 12.672, 0, 34.2901)

[node name="FloorTile41" parent="Geometry" instance=ExtResource("9_34wva")]
transform = Transform3D(0.707107, 0, -0.707107, 0, 1, 0, 0.707107, 0, 0.707107, 16.2645, 0, 37.8549)

[node name="FloorTile42" parent="Geometry" instance=ExtResource("9_34wva")]
transform = Transform3D(0.707107, 0, -0.707107, 0, 1, 0, 0.707107, 0, 0.707107, 5.52525, 0, 27.1045)

[node name="FloorTile51" parent="Geometry" instance=ExtResource("9_34wva")]
transform = Transform3D(0.707107, 0, -0.707107, 0, 1, 0, 0.707107, 0, 0.707107, 1.94436, 0, 23.5035)

[node name="FloorTile43" parent="Geometry" instance=ExtResource("9_34wva")]
transform = Transform3D(0.707107, 0, -0.707107, 0, 1, 0, 0.707107, 0, 0.707107, 9.11776, 0, 30.6693)

[node name="FloorTile44" parent="Geometry" instance=ExtResource("9_34wva")]
transform = Transform3D(0.707107, 0, -0.707107, 0, 1, 0, 0.707107, 0, 0.707107, 1.98989, 0, 30.6781)

[node name="FloorTile53" parent="Geometry" instance=ExtResource("9_34wva")]
transform = Transform3D(0.707107, 0, -0.707107, 0, 1, 0, 0.707107, 0, 0.707107, -1.55645, 0, 27.0722)

[node name="FloorTile50" parent="Geometry" instance=ExtResource("9_34wva")]
transform = Transform3D(0.707107, 0, -0.707107, 0, 1, 0, 0.707107, 0, 0.707107, -1.46892, 0, 34.177)

[node name="FloorTile45" parent="Geometry" instance=ExtResource("9_34wva")]
transform = Transform3D(0.707107, 0, -0.707107, 0, 1, 0, 0.707107, 0, 0.707107, 5.5824, 0, 34.2429)

[node name="FloorTile46" parent="Geometry" instance=ExtResource("9_34wva")]
transform = Transform3D(0.707107, 0, -0.707107, 0, 1, 0, 0.707107, 0, 0.707107, 9.11016, 0, 37.8244)

[node name="FloorTile48" parent="Geometry" instance=ExtResource("9_34wva")]
transform = Transform3D(0.707107, 0, -0.707107, 0, 1, 0, 0.707107, 0, 0.707107, 2.01243, 0, 37.8499)

[node name="FloorTile52" parent="Geometry" instance=ExtResource("9_34wva")]
transform = Transform3D(0.707107, 0, -0.707107, 0, 1, 0, 0.707107, 0, 0.707107, -0.01949, 0, 42.9606)

[node name="FloorTile49" parent="Geometry" instance=ExtResource("9_34wva")]
transform = Transform3D(0.707107, 0, -0.707107, 0, 1, 0, 0.707107, 0, 0.707107, 5.54018, 0, 41.4314)

[node name="FloorTile47" parent="Geometry" instance=ExtResource("9_34wva")]
transform = Transform3D(0.707107, 0, -0.707107, 0, 1, 0, 0.707107, 0, 0.707107, 12.7027, 0, 41.3892)

[node name="FloorTile8" parent="Geometry" instance=ExtResource("9_34wva")]
transform = Transform3D(0.707107, 0, -0.707107, 0, 1, 0, 0.707107, 0, 0.707107, 5.48296, -3.01101, 20.1315)

[node name="WallTile45" parent="Geometry" instance=ExtResource("5_4jdjc")]
transform = Transform3D(-0.707107, 0, 0.707107, 0, 1, 0, -0.707107, 0, -0.707107, 12.6813, -3.01101, 9.18428)

[node name="WallTile46" parent="Geometry" instance=ExtResource("5_4jdjc")]
transform = Transform3D(-0.707107, 0, 0.707107, 0, 1, 0, -0.707107, 0, -0.707107, 10.5435, -3.01101, 11.3221)

[node name="WallTile47" parent="Geometry" instance=ExtResource("5_4jdjc")]
transform = Transform3D(-0.707107, 0, 0.707107, 0, 1, 0, -0.707107, 0, -0.707107, 8.43416, -3.01101, 13.4314)

[node name="WallTile48" parent="Geometry" instance=ExtResource("5_4jdjc")]
transform = Transform3D(-0.707107, 0, 0.707107, 0, 1, 0, -0.707107, 0, -0.707107, 6.29681, -3.01101, 15.5688)

[node name="WallTile49" parent="Geometry" instance=ExtResource("5_4jdjc")]
transform = Transform3D(-0.707107, 0, 0.707107, 0, 1, 0, -0.707107, 0, -0.707107, 4.14977, -3.01101, 17.7158)

[node name="WallTile50" parent="Geometry" instance=ExtResource("5_4jdjc")]
transform = Transform3D(-0.707107, 0, 0.707107, 0, 1, 0, -0.707107, 0, -0.707107, 2.00514, -3.01101, 19.8604)

[node name="WallTile51" parent="Geometry" instance=ExtResource("5_4jdjc")]
transform = Transform3D(-1, 0, -8.74228e-08, 0, 1, 0, 8.74228e-08, 0, -1, 0.940687, -3.01101, 22.3447)

[node name="WallTile52" parent="Geometry" instance=ExtResource("5_4jdjc")]
transform = Transform3D(-1, 0, -8.74228e-08, 0, 1, 0, 8.74228e-08, 0, -1, 0.940687, -3.01101, 25.3813)

[node name="WallTile53" parent="Geometry" instance=ExtResource("5_4jdjc")]
transform = Transform3D(-1, 0, -8.74228e-08, 0, 1, 0, 8.74228e-08, 0, -1, 0.940687, -3.01101, 28.3897)

[node name="WallTile54" parent="Geometry" instance=ExtResource("5_4jdjc")]
transform = Transform3D(-1, 0, -8.74228e-08, 0, 1, 0, 8.74228e-08, 0, -1, 0.940687, -3.01101, 31.4104)

[node name="WallTile55" parent="Geometry" instance=ExtResource("5_4jdjc")]
transform = Transform3D(-1, 0, -8.74228e-08, 0, 1, 0, 8.74228e-08, 0, -1, 0.940688, -3.01101, 34.4433)

[node name="WallTile56" parent="Geometry" instance=ExtResource("5_4jdjc")]
transform = Transform3D(-1, 0, -8.74228e-08, 0, 1, 0, 8.74228e-08, 0, -1, 0.940688, -3.01101, 37.4404)

[node name="WallTile57" parent="Geometry" instance=ExtResource("5_4jdjc")]
transform = Transform3D(-1, 0, -8.74228e-08, 0, 1, 0, 8.74228e-08, 0, -1, 0.940688, -3.01101, 40.4652)

[node name="WallTile58" parent="Geometry" instance=ExtResource("5_4jdjc")]
transform = Transform3D(-0.000663348, 0, 1, 0, 1, 0, -1, 0, -0.000663348, 39.7411, -3.01101, 1.75484)

[node name="WallTile59" parent="Geometry" instance=ExtResource("5_4jdjc")]
transform = Transform3D(0.994654, 0, -0.103261, 0, 1, 0, 0.103261, 0, 0.994654, 40.9701, -3.01101, 3.1633)

[node name="WallTile60" parent="Geometry" instance=ExtResource("5_4jdjc")]
transform = Transform3D(0.9872, 0, -0.159485, 0, 1, 0, 0.159485, 0, 0.9872, 40.5461, -3.01101, 6.15635)

[node name="WallTile61" parent="Geometry" instance=ExtResource("5_4jdjc")]
transform = Transform3D(0.976126, 0, -0.217206, 0, 1, 0, 0.217206, 0, 0.976126, 40.0029, -3.01101, 9.13306)

[node name="WallTile62" parent="Geometry" instance=ExtResource("5_4jdjc")]
transform = Transform3D(0.955284, 0, -0.295691, 0, 1, 0, 0.295691, 0, 0.955284, 39.271, -3.01101, 12.0216)

[node name="WallTile63" parent="Geometry" instance=ExtResource("5_4jdjc")]
transform = Transform3D(0.94107, 0, -0.338212, 0, 1, 0, 0.338212, 0, 0.94107, 38.2878, -3.01101, 14.8259)

[node name="WallTile64" parent="Geometry" instance=ExtResource("5_4jdjc")]
transform = Transform3D(0.905473, 0, -0.424405, 0, 1, 0, 0.424405, 0, 0.905473, 37.126, -3.01101, 17.5517)

[node name="WallTile65" parent="Geometry" instance=ExtResource("5_4jdjc")]
transform = Transform3D(0.873024, 0, -0.487677, 0, 1, 0, 0.487677, 0, 0.873024, 35.7878, -3.01101, 20.1536)

[node name="WallTile66" parent="Geometry" instance=ExtResource("5_4jdjc")]
transform = Transform3D(0.837843, 0, -0.545912, 0, 1, 0, 0.545912, 0, 0.837843, 34.2169, -3.01101, 22.7253)

[node name="WallTile67" parent="Geometry" instance=ExtResource("5_4jdjc")]
transform = Transform3D(0.796467, 0, -0.604683, 0, 1, 0, 0.604683, 0, 0.796467, 32.5257, -3.04336, 25.1651)

[node name="WallTile68" parent="Geometry" instance=ExtResource("5_4jdjc")]
transform = Transform3D(0.741273, 0, -0.671203, 0, 1, 0, 0.671203, 0, 0.741273, 30.5794, -3.04336, 27.4834)

[node name="WallTile69" parent="Geometry" instance=ExtResource("5_4jdjc")]
transform = Transform3D(0.697328, 0, -0.716752, 0, 1, 0, 0.716752, 0, 0.697328, 28.5276, -3.04336, 29.6059)

[node name="WallTile70" parent="Geometry" instance=ExtResource("5_4jdjc")]
transform = Transform3D(0.649873, 0, -0.760043, 0, 1, 0, 0.760043, 0, 0.649873, 26.3168, -3.04336, 31.6001)

[node name="WallTile71" parent="Geometry" instance=ExtResource("5_4jdjc")]
transform = Transform3D(0.597863, 0, -0.801598, 0, 1, 0, 0.801598, 0, 0.597863, 24.0005, -3.04336, 33.3907)

[node name="WallTile72" parent="Geometry" instance=ExtResource("5_4jdjc")]
transform = Transform3D(0.511698, 0, -0.859165, 0, 1, 0, 0.859165, 0, 0.511698, 21.542, -3.04336, 35.0584)

[node name="WallTile73" parent="Geometry" instance=ExtResource("5_4jdjc")]
transform = Transform3D(0.476223, 0, -0.879325, 0, 1, 0, 0.879325, 0, 0.476223, 18.9444, -3.04336, 36.5136)

[node name="WallTile74" parent="Geometry" instance=ExtResource("5_4jdjc")]
transform = Transform3D(0.383844, 0, -0.923398, 0, 1, 0, 0.923398, 0, 0.383844, 16.2519, -3.04336, 37.8182)

[node name="WallTile75" parent="Geometry" instance=ExtResource("5_4jdjc")]
transform = Transform3D(0.37472, 0, -0.927138, 0, 1, 0, 0.927138, 0, 0.37472, 13.5251, -3.04336, 38.9436)

[node name="WallTile76" parent="Geometry" instance=ExtResource("5_4jdjc")]
transform = Transform3D(0.346281, 0, -0.938131, 0, 1, 0, 0.938131, 0, 0.346281, 10.7188, -3.04336, 40.0104)

[node name="WallTile77" parent="Geometry" instance=ExtResource("5_4jdjc")]
transform = Transform3D(0.215247, 0, -0.97656, 0, 1, 0, 0.97656, 0, 0.215247, 7.9304, -3.04336, 40.8634)

[node name="WallTile78" parent="Geometry" instance=ExtResource("5_4jdjc")]
transform = Transform3D(0.188924, 0, -0.981992, 0, 1, 0, 0.981992, 0, 0.188924, 5.07411, -3.04336, 41.4301)

[node name="WallTile79" parent="Geometry" instance=ExtResource("5_4jdjc")]
transform = Transform3D(0.0808425, 0, -0.996727, 0, 1, 0, 0.996727, 0, 0.0808425, 2.28103, -3.04336, 41.8261)

[node name="WallTile80" parent="Geometry" instance=ExtResource("5_4jdjc")]
transform = Transform3D(-0.000663348, 0, 1, 0, 1, 0, -1, 0, -0.000663348, 36.7044, -3.01101, 1.75685)

[node name="WallTile81" parent="Geometry" instance=ExtResource("5_4jdjc")]
transform = Transform3D(-0.000663348, 0, 1, 0, 1, 0, -1, 0, -0.000663348, 33.696, -3.01101, 1.75885)

[node name="WallTile82" parent="Geometry" instance=ExtResource("5_4jdjc")]
transform = Transform3D(-0.000663348, 0, 1, 0, 1, 0, -1, 0, -0.000663348, 30.6754, -3.01101, 1.76085)

[node name="WallTile83" parent="Geometry" instance=ExtResource("5_4jdjc")]
transform = Transform3D(-0.000663348, 0, 1, 0, 1, 0, -1, 0, -0.000663348, 27.6425, -3.01101, 1.76286)

[node name="WallTile84" parent="Geometry" instance=ExtResource("5_4jdjc")]
transform = Transform3D(-0.000663348, 0, 1, 0, 1, 0, -1, 0, -0.000663348, 24.6454, -3.01101, 1.76485)

[node name="WallTile85" parent="Geometry" instance=ExtResource("5_4jdjc")]
transform = Transform3D(-0.000663348, 0, 1, 0, 1, 0, -1, 0, -0.000663348, 21.6206, -3.01101, 1.76686)

[node name="WallTile86" parent="Geometry" instance=ExtResource("5_4jdjc")]
transform = Transform3D(-0.707107, 0, 0.707107, 0, 1, 0, -0.707107, 0, -0.707107, 14.8195, -3.01101, 7.04609)

[node name="WallTile87" parent="Geometry" instance=ExtResource("5_4jdjc")]
transform = Transform3D(-0.707107, 0, 0.707107, 0, 1, 0, -0.707107, 0, -0.707107, 16.9506, -3.01101, 4.91494)

[node name="WallTile88" parent="Geometry" instance=ExtResource("5_4jdjc")]
transform = Transform3D(-0.707107, 0, 0.707107, 0, 1, 0, -0.707107, 0, -0.707107, 19.084, -3.01101, 2.78154)

[node name="CenterRoom" type="CSGMesh3D" parent="."]
transform = Transform3D(1, 0, 0, 0, 1, 0, 0, 0, 1, 0, -36.6288, 0)
mesh = SubResource("CylinderMesh_ostqh")

[node name="Ceiling" type="StaticBody3D" parent="."]
visible = false

[node name="CollisionShape3D" type="CollisionShape3D" parent="Ceiling"]
transform = Transform3D(1, 0, 0, 0, 1, 0, 0, 0, 1, 21.1401, 3.45226, 21.9826)
shape = SubResource("BoxShape3D_hwx6n")

[node name="WallTile1" parent="." instance=ExtResource("10_kot3v")]
transform = Transform3D(0.707107, 0, 0.707107, 0, 1, 0, -0.707107, 0, 0.707107, 5.92659, 0.00926298, 17.196)

[node name="WallTile97" parent="." instance=ExtResource("10_kot3v")]
transform = Transform3D(0.707107, 0, 0.707107, 0, 1, 0, -0.707107, 0, 0.707107, 16.7418, 0.00926298, 28.0112)

[node name="WallTile102" parent="." instance=ExtResource("10_kot3v")]
transform = Transform3D(0.707107, 0, 0.707107, 0, 1, 0, -0.707107, 0, 0.707107, 18.1399, 0.00926298, 29.4093)

[node name="WallTile103" parent="." instance=ExtResource("10_kot3v")]
transform = Transform3D(0.707107, 0, 0.707107, 0, 1, 0, -0.707107, 0, 0.707107, 19.5113, 0.00926298, 30.7807)

[node name="WallTile4" parent="." instance=ExtResource("10_kot3v")]
transform = Transform3D(0.707107, 0, 0.707107, 0, 1, 0, -0.707107, 0, 0.707107, 16.6071, 0.00926298, 6.51544)

[node name="WallTile55" parent="." instance=ExtResource("10_kot3v")]
transform = Transform3D(0.707107, 0, 0.707107, 0, 1, 0, -0.707107, 0, 0.707107, 27.4567, 0.00926298, 17.365)

[node name="WallTile86" parent="." instance=ExtResource("10_kot3v")]
transform = Transform3D(0.707107, 0, 0.707107, 0, 1, 0, -0.707107, 0, 0.707107, 28.8241, 0.00926298, 18.7324)

[node name="WallTile93" parent="." instance=ExtResource("10_kot3v")]
transform = Transform3D(0.707107, 0, 0.707107, 0, 1, 0, -0.707107, 0, 0.707107, 30.1912, 0.00926298, 20.0995)

[node name="WallTile66" parent="." instance=ExtResource("10_kot3v")]
transform = Transform3D(0.707107, 0, 0.707107, 0, 1, 0, -0.707107, 0, 0.707107, 27.4567, -2.75601, 17.365)

[node name="WallTile108" parent="." instance=ExtResource("10_kot3v")]
transform = Transform3D(0.707107, 0, 0.707107, 0, 1, 0, -0.707107, 0, 0.707107, 28.8241, -2.75601, 18.7324)

[node name="WallTile109" parent="." instance=ExtResource("10_kot3v")]
transform = Transform3D(0.707107, 0, 0.707107, 0, 1, 0, -0.707107, 0, 0.707107, 30.1912, -2.75601, 20.0995)

[node name="WallTile67" parent="." instance=ExtResource("10_kot3v")]
transform = Transform3D(0.707107, 0, 0.707107, 0, 1, 0, -0.707107, 0, 0.707107, 24.6176, -2.97217, 19.9798)

[node name="WallTile110" parent="." instance=ExtResource("10_kot3v")]
transform = Transform3D(0.707107, 0, 0.707107, 0, 1, 0, -0.707107, 0, 0.707107, 25.985, -2.97217, 21.3472)

[node name="WallTile111" parent="." instance=ExtResource("10_kot3v")]
transform = Transform3D(0.707107, 0, 0.707107, 0, 1, 0, -0.707107, 0, 0.707107, 27.352, -2.97217, 22.7142)

[node name="WallTile105" parent="." instance=ExtResource("10_kot3v")]
transform = Transform3D(0.707107, 0, 0.707107, 0, 1, 0, -0.707107, 0, 0.707107, 21.909, 0.00926298, 22.7728)

[node name="WallTile106" parent="." instance=ExtResource("10_kot3v")]
transform = Transform3D(0.707107, 0, 0.707107, 0, 1, 0, -0.707107, 0, 0.707107, 23.2765, 0.00926298, 24.1402)

[node name="WallTile107" parent="." instance=ExtResource("10_kot3v")]
transform = Transform3D(0.707107, 0, 0.707107, 0, 1, 0, -0.707107, 0, 0.707107, 24.6435, 0.00926298, 25.5072)

[node name="WallTile94" parent="." instance=ExtResource("10_kot3v")]
transform = Transform3D(0.707107, 0, -0.707107, 0, 1, 0, 0.707107, 0, 0.707107, 30.1148, 0.00926298, 21.4057)

[node name="WallTile95" parent="." instance=ExtResource("10_kot3v")]
transform = Transform3D(0.707107, 0, -0.707107, 0, 1, 0, 0.707107, 0, 0.707107, 28.7578, 0.00926298, 22.7626)

[node name="WallTile96" parent="." instance=ExtResource("10_kot3v")]
transform = Transform3D(0.707107, 0, -0.707107, 0, 1, 0, 0.707107, 0, 0.707107, 27.4103, 0.00926298, 24.1101)

[node name="WallTile98" parent="." instance=ExtResource("10_kot3v")]
transform = Transform3D(0.707107, 0, -0.707107, 0, 1, 0, 0.707107, 0, 0.707107, 26.073, 0.00926298, 25.4475)

[node name="WallTile99" parent="." instance=ExtResource("10_kot3v")]
transform = Transform3D(0.707107, 0, -0.707107, 0, 1, 0, 0.707107, 0, 0.707107, 24.7441, 0.00926298, 26.7764)

[node name="WallTile100" parent="." instance=ExtResource("10_kot3v")]
transform = Transform3D(0.707107, 0, -0.707107, 0, 1, 0, 0.707107, 0, 0.707107, 23.4055, 0.00926298, 28.115)

[node name="WallTile101" parent="." instance=ExtResource("10_kot3v")]
transform = Transform3D(0.707107, 0, -0.707107, 0, 1, 0, 0.707107, 0, 0.707107, 22.0762, 0.00926298, 29.4442)

[node name="WallTile104" parent="." instance=ExtResource("10_kot3v")]
transform = Transform3D(0.707107, 0, -0.707107, 0, 1, 0, 0.707107, 0, 0.707107, 20.7487, 0.00926298, 30.7718)

[node name="WallTile5" parent="." instance=ExtResource("10_kot3v")]
transform = Transform3D(0.707107, 0, 0.707107, 0, 1, 0, -0.707107, 0, 0.707107, 18.0119, 0.00926298, 7.92018)

[node name="WallTile6" parent="." instance=ExtResource("10_kot3v")]
transform = Transform3D(0.707107, 0, 0.707107, 0, 1, 0, -0.707107, 0, 0.707107, 18.8715, 0.00926298, 8.77975)

[node name="WallTile2" parent="." instance=ExtResource("10_kot3v")]
transform = Transform3D(0.707107, 0, 0.707107, 0, 1, 0, -0.707107, 0, 0.707107, 7.31045, 0.00926298, 18.5798)

[node name="WallTile3" parent="." instance=ExtResource("10_kot3v")]
transform = Transform3D(0.707107, 0, 0.707107, 0, 1, 0, -0.707107, 0, 0.707107, 8.17788, 0.00926298, 19.4473)

[node name="WallTile7" parent="." instance=ExtResource("10_kot3v")]
transform = Transform3D(0.707107, 0, -0.707107, 0, 1, 0, 0.707107, 0, 0.707107, 18.941, -2.96101, 10.2409)

[node name="WallTile37" parent="." instance=ExtResource("10_kot3v")]
transform = Transform3D(0.707107, 0, -0.707107, 0, 1, 0, 0.707107, 0, 0.707107, 29.5686, -2.96101, 13.8064)

[node name="WallTile38" parent="." instance=ExtResource("10_kot3v")]
transform = Transform3D(0.707107, 0, -0.707107, 0, 1, 0, 0.707107, 0, 0.707107, 28.1612, -2.96101, 15.2137)

[node name="WallTile39" parent="." instance=ExtResource("10_kot3v")]
transform = Transform3D(0.707107, 0, -0.707107, 0, 1, 0, 0.707107, 0, 0.707107, 26.7533, -2.96101, 16.6217)

[node name="WallTile42" parent="." instance=ExtResource("10_kot3v")]
transform = Transform3D(0.707107, 0, -0.707107, 0, 1, 0, 0.707107, 0, 0.707107, 22.5397, -2.96101, 20.8353)

[node name="WallTile65" parent="." instance=ExtResource("10_kot3v")]
transform = Transform3D(0.707107, 0, -0.707107, 0, 1, 0, 0.707107, 0, 0.707107, 23.9607, -2.96101, 19.4142)

[node name="WallTile69" parent="." instance=ExtResource("10_kot3v")]
transform = Transform3D(0.707107, 0, -0.707107, 0, 1, 0, 0.707107, 0, 0.707107, 23.961, 0.009, 19.414)

[node name="WallTile43" parent="." instance=ExtResource("10_kot3v")]
transform = Transform3D(0.707107, 0, -0.707107, 0, 1, 0, 0.707107, 0, 0.707107, 21.1688, -2.96101, 22.2062)

[node name="WallTile44" parent="." instance=ExtResource("10_kot3v")]
transform = Transform3D(0.707107, 0, -0.707107, 0, 1, 0, 0.707107, 0, 0.707107, 19.7781, -2.96101, 23.5969)

[node name="WallTile45" parent="." instance=ExtResource("10_kot3v")]
transform = Transform3D(0.707107, 0, -0.707107, 0, 1, 0, 0.707107, 0, 0.707107, 18.372, -2.96101, 25.0029)

[node name="WallTile46" parent="." instance=ExtResource("10_kot3v")]
transform = Transform3D(0.707107, 0, -0.707107, 0, 1, 0, 0.707107, 0, 0.707107, 16.9472, -2.96101, 26.4278)

[node name="WallTile47" parent="." instance=ExtResource("10_kot3v")]
transform = Transform3D(0.707107, 0, -0.707107, 0, 1, 0, 0.707107, 0, 0.707107, 15.5246, -2.96101, 27.8504)

[node name="WallTile48" parent="." instance=ExtResource("10_kot3v")]
transform = Transform3D(0.707107, 0, -0.707107, 0, 1, 0, 0.707107, 0, 0.707107, 14.089, -2.96101, 29.2859)

[node name="WallTile49" parent="." instance=ExtResource("10_kot3v")]
transform = Transform3D(0.707107, 0, -0.707107, 0, 1, 0, 0.707107, 0, 0.707107, 12.6686, -2.96101, 30.7063)

[node name="WallTile62" parent="." instance=ExtResource("10_kot3v")]
transform = Transform3D(0.707107, 0, -0.707107, 0, 1, 0, 0.707107, 0, 0.707107, 29.5686, 0.009, 13.8064)

[node name="WallTile63" parent="." instance=ExtResource("10_kot3v")]
transform = Transform3D(0.707107, 0, -0.707107, 0, 1, 0, 0.707107, 0, 0.707107, 28.1612, 0.009, 15.2137)

[node name="WallTile64" parent="." instance=ExtResource("10_kot3v")]
transform = Transform3D(0.707107, 0, -0.707107, 0, 1, 0, 0.707107, 0, 0.707107, 26.7533, 0.009, 16.6217)

[node name="WallTile68" parent="." instance=ExtResource("10_kot3v")]
transform = Transform3D(0.707107, 0, -0.707107, 0, 1, 0, 0.707107, 0, 0.707107, 21.1688, 0.009, 22.2062)

[node name="WallTile70" parent="." instance=ExtResource("10_kot3v")]
transform = Transform3D(0.707107, 0, -0.707107, 0, 1, 0, 0.707107, 0, 0.707107, 18.372, 0.009, 25.0029)

[node name="WallTile71" parent="." instance=ExtResource("10_kot3v")]
transform = Transform3D(0.707107, 0, -0.707107, 0, 1, 0, 0.707107, 0, 0.707107, 16.9472, 0.009, 26.4278)

[node name="WallTile72" parent="." instance=ExtResource("10_kot3v")]
transform = Transform3D(0.707107, 0, -0.707107, 0, 1, 0, 0.707107, 0, 0.707107, 15.5246, 0.009, 27.8504)

[node name="WallTile73" parent="." instance=ExtResource("10_kot3v")]
transform = Transform3D(0.707107, 0, -0.707107, 0, 1, 0, 0.707107, 0, 0.707107, 14.089, 0.009, 29.2859)

[node name="WallTile74" parent="." instance=ExtResource("10_kot3v")]
transform = Transform3D(0.707107, 0, -0.707107, 0, 1, 0, 0.707107, 0, 0.707107, 12.6686, 0.009, 30.7063)

[node name="WallTile75" parent="." instance=ExtResource("10_kot3v")]
transform = Transform3D(0.432054, 0, -0.901848, 0, 1, 0, 0.901848, 0, 0.432054, 11.1476, 0.009, 31.8227)

[node name="WallTile76" parent="." instance=ExtResource("10_kot3v")]
transform = Transform3D(0.283363, 0, -0.959013, 0, 1, 0, 0.959013, 0, 0.283363, 9.37585, 0.009, 32.5018)

[node name="WallTile78" parent="." instance=ExtResource("10_kot3v")]
