[gd_scene load_steps=22 format=3 uid="uid://da5xv5g3mndxw"]

[ext_resource type="PackedScene" uid="uid://cv03cxb8jcsy8" path="res://assets/prefabs/terminal.tscn" id="1_m1hvl"]
[ext_resource type="PackedScene" uid="uid://dmtm7k1fhpmkj" path="res://assets/prefabs/default_robot.tscn" id="2_g4ply"]
[ext_resource type="PackedScene" uid="uid://pc3k2vyryge5" path="res://assets/prefabs/button.tscn" id="3_gdhk3"]
[ext_resource type="PackedScene" uid="uid://b06ku0w7nydkk" path="res://assets/prefabs/power_line.tscn" id="4_fjrlg"]
[ext_resource type="PackedScene" uid="uid://cyd5hd61f5m0h" path="res://assets/prefabs/robot_big.tscn" id="4_xifp1"]
[ext_resource type="PackedScene" uid="uid://dcjw51pfs7v86" path="res://assets/prefabs/door.tscn" id="5_5ng7b"]
[ext_resource type="PackedScene" uid="uid://cf24rsq3p2ei1" path="res://assets/prefabs/tiles/floor_tile_1.tscn" id="6_vt2sq"]
[ext_resource type="PackedScene" uid="uid://cbnmfkaxsw4ki" path="res://assets/prefabs/box.tscn" id="6_y7ee0"]
[ext_resource type="PackedScene" uid="uid://bdguoqhpmcppa" path="res://assets/prefabs/tiles/wall_tile_1.tscn" id="8_exega"]
[ext_resource type="PackedScene" uid="uid://djpkb7s0oa4fu" path="res://assets/prefabs/robot_flying.tscn" id="9_34grp"]

[sub_resource type="QuadMesh" id="QuadMesh_43ypa"]
size = Vector2(0.1, 7)

[sub_resource type="StandardMaterial3D" id="StandardMaterial3D_kbvu8"]

[sub_resource type="QuadMesh" id="QuadMesh_l1iiy"]
size = Vector2(0.1, 1)

[sub_resource type="QuadMesh" id="QuadMesh_3xc1g"]
size = Vector2(0.1, 3)

[sub_resource type="QuadMesh" id="QuadMesh_augpf"]
size = Vector2(0.1, 20)

[sub_resource type="QuadMesh" id="QuadMesh_y3flv"]
size = Vector2(0.1, 1.7)

[sub_resource type="QuadMesh" id="QuadMesh_rbb1c"]
size = Vector2(0.1, 6.6)

[sub_resource type="BoxMesh" id="BoxMesh_3cx4o"]
size = Vector3(1, 3, 30)

[sub_resource type="BoxMesh" id="BoxMesh_a8jwt"]
size = Vector3(1, 3, 20)

[sub_resource type="BoxMesh" id="BoxMesh_g6jjg"]
size = Vector3(1, 3, 42)

[sub_resource type="CylinderMesh" id="CylinderMesh_ostqh"]
top_radius = 10.0
bottom_radius = 10.0
height = 100.0

[node name="Level3" type="Node3D"]

[node name="Gameplay" type="Node3D" parent="."]

[node name="Terminal" parent="Gameplay" node_paths=PackedStringArray("robot") instance=ExtResource("1_m1hvl")]
transform = Transform3D(-0.662698, 0, -0.748886, 0, 1, 0, 0.748886, 0, -0.662698, 7.09039, 13.3394, 6.09772)
robot = NodePath("../DefaultRobot")

[node name="DefaultRobot" parent="Gameplay" instance=ExtResource("2_g4ply")]
transform = Transform3D(-0.721494, 0, -0.69242, 0, 1, 0, 0.69242, 0, -0.721494, 10.8216, 0.0352378, 13.4917)

[node name="Terminal2" parent="Gameplay" node_paths=PackedStringArray("robot") instance=ExtResource("1_m1hvl")]
transform = Transform3D(-0.887566, 0, -0.46068, 0, 1, 0, 0.46068, 0, -0.887566, 4.80709, 13.3394, 7.74319)
robot = NodePath("../FlyingRobot")

[node name="FlyingRobot" parent="Gameplay" instance=ExtResource("9_34grp")]
transform = Transform3D(1, 0, 0, 0, 1, 0, 0, 0, 1, 10.067, 0.0851021, 16.4202)

[node name="Terminal3" parent="Gameplay" node_paths=PackedStringArray("robot") instance=ExtResource("1_m1hvl")]
transform = Transform3D(-0.999455, 0, -0.0329981, 0, 1, 0, 0.0329981, 0, -0.999455, 9.66564, 0.05, 38.6896)
robot = NodePath("../BigRobot")

[node name="BigRobot" parent="Gameplay" instance=ExtResource("4_xifp1")]
transform = Transform3D(0.999993, 0, 0.00380481, 0, 1, 0, -0.00380481, 0, 0.999993, 3.71851, -1.55769, 37.187)

[node name="Room1" type="Node3D" parent="Gameplay"]
transform = Transform3D(1, 0, 0, 0, 1, 0, 0, 0, 1, 18.2364, 0, -15.7046)

[node name="Button" parent="Gameplay/Room1" instance=ExtResource("3_gdhk3")]
transform = Transform3D(1, 0, 0, 0, 1, 0, 0, 0, 1, 35.8934, 0.076628, 10.2822)

[node name="PowerLine" parent="Gameplay/Room1" instance=ExtResource("4_fjrlg")]
transform = Transform3D(1, 0, 0, 0, 1, 0, 0, 0, 1, 35.8934, 0.076628, 15.9116)

[node name="Line1" type="CSGMesh3D" parent="Gameplay/Room1/PowerLine"]
transform = Transform3D(1, 0, 0, 0, -4.37114e-08, 1, 0, -1, -4.37114e-08, 0, -2.23517e-08, -0.418453)
mesh = SubResource("QuadMesh_43ypa")
material = SubResource("StandardMaterial3D_kbvu8")

[node name="Door" parent="Gameplay/Room1" instance=ExtResource("5_5ng7b")]
transform = Transform3D(1, 0, 0, 0, 1, 0, 0, 0, 1, 35.81, 0.0495741, 20.1342)

[node name="ControlRoom" type="Node3D" parent="Gameplay"]

[node name="Door" parent="Gameplay/ControlRoom" instance=ExtResource("5_5ng7b")]
transform = Transform3D(-4.37114e-08, 0, -0.999999, 0, 1, 0, 0.999999, 0, -4.37114e-08, 0.121644, 13.3394, 4.83503)

[node name="Button" parent="Gameplay/ControlRoom" instance=ExtResource("3_gdhk3")]
transform = Transform3D(0.707107, 0, 0.707107, 0, 1, 0, -0.707107, 0, 0.707107, 14.1085, 0.076628, 10.3727)

[node name="PowerLine" parent="Gameplay/ControlRoom" instance=ExtResource("4_fjrlg")]
transform = Transform3D(1, 0, 0, 0, 1, 0, 0, 0, 1, 28.0987, 0.076628, 11.8457)

[node name="Line1" type="CSGMesh3D" parent="Gameplay/ControlRoom/PowerLine"]
transform = Transform3D(0.707107, -0.707107, -3.09086e-08, 0, -4.37114e-08, 1, -0.707107, -0.707107, -3.09086e-08, -15.1064, -0.0623998, -2.53599)
mesh = SubResource("QuadMesh_l1iiy")
material = SubResource("StandardMaterial3D_kbvu8")

[node name="Line2" type="CSGMesh3D" parent="Gameplay/ControlRoom/PowerLine"]
transform = Transform3D(0.707107, 0.000592291, 0.707107, 0, 1, -0.000837684, -0.707107, 0.000592291, 0.707107, -15.2885, 1.39853, -2.7285)
mesh = SubResource("QuadMesh_3xc1g")
material = SubResource("StandardMaterial3D_kbvu8")

[node name="Line3" type="CSGMesh3D" parent="Gameplay/ControlRoom/PowerLine"]
transform = Transform3D(0.441146, 0.000592291, 0.897435, 0.000270256, 0.999999, -0.000792887, -0.897435, 0.000592291, 0.441145, -19.4333, 3.25056, -6.86313)
mesh = SubResource("QuadMesh_augpf")
material = SubResource("StandardMaterial3D_kbvu8")

[node name="Line4" type="CSGMesh3D" parent="Gameplay/ControlRoom/PowerLine"]
transform = Transform3D(0.707107, -0.707107, -3.09086e-08, 0, -4.37114e-08, 1, -0.707107, -0.707107, -3.09086e-08, -20.086, 13.2978, -7.4798)
mesh = SubResource("QuadMesh_y3flv")
material = SubResource("StandardMaterial3D_kbvu8")

[node name="Line5" type="CSGMesh3D" parent="Gameplay/ControlRoom/PowerLine"]
transform = Transform3D(-4.37114e-08, -1, -4.37114e-08, 0, -4.37114e-08, 1, -1, 4.37114e-08, 1.91069e-15, -23.9659, 13.2978, -8.07364)
mesh = SubResource("QuadMesh_rbb1c")
material = SubResource("StandardMaterial3D_kbvu8")

[node name="Geometry" type="Node3D" parent="."]

[node name="OuterWall1" type="CSGMesh3D" parent="Geometry"]
transform = Transform3D(0.698228, 0, -0.715876, 0, 1, 0, 0.715876, 0, 0.698228, 10.6445, 1.50676, 10.5164)
mesh = SubResource("BoxMesh_3cx4o")

[node name="OuterWall2" type="CSGMesh3D" parent="Geometry"]
transform = Transform3D(0.0232107, 0, -0.999731, 0, 1, 0, 0.999731, 0, 0.0232107, 31.1131, 1.50676, 0.0363263)
mesh = SubResource("BoxMesh_a8jwt")

[node name="OuterWall3" type="CSGMesh3D" parent="Geometry"]
transform = Transform3D(0.999912, 0, 0.0132814, 0, 1, 0, -0.0132814, 0, 0.999912, 0.105263, 1.50676, 30.8572)
mesh = SubResource("BoxMesh_a8jwt")

[node name="OuterWall4" type="CSGMesh3D" parent="Geometry"]
transform = Transform3D(0.00677176, 0, -0.999977, 0, 1, 0, 0.999977, 0, 0.00677176, 20.8482, 1.50676, 40.8813)
mesh = SubResource("BoxMesh_g6jjg")

[node name="OuterWall5" type="CSGMesh3D" parent="Geometry"]
transform = Transform3D(-0.999999, 0, 0.0015011, 0, 1, 0, -0.0015011, 0, -0.999999, 41.242, 1.50676, 20.491)
mesh = SubResource("BoxMesh_g6jjg")

[node name="FloorTile1" parent="Geometry" instance=ExtResource("6_vt2sq")]
transform = Transform3D(0.707107, 0, -0.707107, 0, 1, 0, 0.707107, 0, 0.707107, 11.0683, 0, 14.3149)

[node name="FloorTile18" parent="Geometry" instance=ExtResource("6_vt2sq")]
transform = Transform3D(0.707107, 0, -0.707107, 0, 1, 0, 0.707107, 0, 0.707107, 17.7953, 0, 21.0419)

[node name="FloorTile33" parent="Geometry" instance=ExtResource("6_vt2sq")]
transform = Transform3D(0.707107, 0, -0.707107, 0, 1, 0, 0.707107, 0, 0.707107, 21.3259, 0, 24.5725)

[node name="FloorTile4" parent="Geometry" instance=ExtResource("6_vt2sq")]
transform = Transform3D(0.999766, 0, 0.0216404, 0, 1, 0, -0.0216404, 0, 0.999766, 2.86302, -3.06185, 23.0084)

[node name="FloorTile5" parent="Geometry" instance=ExtResource("6_vt2sq")]
transform = Transform3D(0.999766, 0, 0.0216404, 0, 1, 0, -0.0216404, 0, 0.999766, 2.97181, -3.06185, 28.0346)

[node name="FloorTile8" parent="Geometry" instance=ExtResource("6_vt2sq")]
transform = Transform3D(0.999766, 0, 0.0216404, 0, 1, 0, -0.0216404, 0, 0.999766, 8.0013, -3.06185, 22.8972)

[node name="FloorTile14" parent="Geometry" instance=ExtResource("6_vt2sq")]
transform = Transform3D(0.999766, 0, 0.0216404, 0, 1, 0, -0.0216404, 0, 0.999766, 7.89375, -3.06185, 17.9283)

[node name="FloorTile9" parent="Geometry" instance=ExtResource("6_vt2sq")]
transform = Transform3D(0.999766, 0, 0.0216404, 0, 1, 0, -0.0216404, 0, 0.999766, 8.1101, -3.06185, 27.9234)

[node name="FloorTile10" parent="Geometry" instance=ExtResource("6_vt2sq")]
transform = Transform3D(0.999766, 0, 0.0216404, 0, 1, 0, -0.0216404, 0, 0.999766, 12.867, -3.06185, 17.8454)

[node name="FloorTile15" parent="Geometry" instance=ExtResource("6_vt2sq")]
transform = Transform3D(0.999766, 0, 0.0216404, 0, 1, 0, -0.0216404, 0, 0.999766, 12.7562, -3.06185, 12.7257)

[node name="FloorTile11" parent="Geometry" instance=ExtResource("6_vt2sq")]
transform = Transform3D(0.999766, 0, 0.0216404, 0, 1, 0, -0.0216404, 0, 0.999766, 12.9758, -3.06185, 22.8716)

[node name="FloorTile12" parent="Geometry" instance=ExtResource("6_vt2sq")]
transform = Transform3D(0.999766, 0, 0.0216404, 0, 1, 0, -0.0216404, 0, 0.999766, 17.8389, -3.06185, 12.7776)

[node name="FloorTile13" parent="Geometry" instance=ExtResource("6_vt2sq")]
transform = Transform3D(0.999766, 0, 0.0216404, 0, 1, 0, -0.0216404, 0, 0.999766, 17.9477, -3.06185, 17.8037)

[node name="FloorTile6" parent="Geometry" instance=ExtResource("6_vt2sq")]
transform = Transform3D(0.999766, 0, 0.0216404, 0, 1, 0, -0.0216404, 0, 0.999766, 3.07923, -3.06185, 32.9974)

[node name="FloorTile16" parent="Geometry" instance=ExtResource("6_vt2sq")]
transform = Transform3D(0.999766, 0, 0.0216404, 0, 1, 0, -0.0216404, 0, 0.999766, 8.06125, -3.06185, 32.8896)

[node name="FloorTile7" parent="Geometry" instance=ExtResource("6_vt2sq")]
transform = Transform3D(0.999766, 0, 0.0216404, 0, 1, 0, -0.0216404, 0, 0.999766, 3.18826, -3.06185, 38.0345)

[node name="FloorTile17" parent="Geometry" instance=ExtResource("6_vt2sq")]
transform = Transform3D(0.999766, 0, 0.0216404, 0, 1, 0, -0.0216404, 0, 0.999766, 8.22943, -3.06185, 37.9254)

[node name="FloorTile19" parent="Geometry" instance=ExtResource("6_vt2sq")]
transform = Transform3D(0.707107, 0, 0.707107, 0, 1, 0, -0.707107, 0, 0.707107, 10.7378, 0, 27.9437)

[node name="FloorTile22" parent="Geometry" instance=ExtResource("6_vt2sq")]
transform = Transform3D(0.707107, 0, 0.707107, 0, 1, 0, -0.707107, 0, 0.707107, 14.2099, 0, 24.5301)

[node name="FloorTile20" parent="Geometry" instance=ExtResource("6_vt2sq")]
transform = Transform3D(0.999766, 0, 0.0216404, 0, 1, 0, -0.0216404, 0, 0.999766, 9.61181, 0.0500879, 32.856)

[node name="FloorTile23" parent="Geometry" instance=ExtResource("6_vt2sq")]
transform = Transform3D(0.999766, 0, 0.0216404, 0, 1, 0, -0.0216404, 0, 0.999766, 9.5612, -0.135473, 30.5182)

[node name="FloorTile21" parent="Geometry" instance=ExtResource("6_vt2sq")]
transform = Transform3D(0.999766, 0, 0.0216404, 0, 1, 0, -0.0216404, 0, 0.999766, 9.77998, 0, 37.8918)

[node name="FloorTile24" parent="Geometry" instance=ExtResource("6_vt2sq")]
transform = Transform3D(0.999766, 0, 0.0216404, 0, 1, 0, -0.0216404, 0, 0.999766, 14.7298, 0, 37.7847)

[node name="FloorTile25" parent="Geometry" instance=ExtResource("6_vt2sq")]
transform = Transform3D(0.999766, 0, 0.0216404, 0, 1, 0, -0.0216404, 0, 0.999766, 14.621, 0, 32.7565)

[node name="FloorTile26" parent="Geometry" instance=ExtResource("6_vt2sq")]
transform = Transform3D(0.999766, 0, 0.0216404, 0, 1, 0, -0.0216404, 0, 0.999766, 14.5132, -0.0276065, 27.777)

[node name="FloorTile27" parent="Geometry" instance=ExtResource("6_vt2sq")]
transform = Transform3D(0.999766, 0, 0.0216404, 0, 1, 0, -0.0216404, 0, 0.999766, 19.7619, 0, 37.6757)

[node name="FloorTile28" parent="Geometry" instance=ExtResource("6_vt2sq")]
transform = Transform3D(0.999766, 0, 0.0216404, 0, 1, 0, -0.0216404, 0, 0.999766, 19.6531, 0, 32.6476)

[node name="FloorTile29" parent="Geometry" instance=ExtResource("6_vt2sq")]
transform = Transform3D(0.999766, 0, 0.0216404, 0, 1, 0, -0.0216404, 0, 0.999766, 19.5453, -0.0276065, 27.6681)

[node name="FloorTile30" parent="Geometry" instance=ExtResource("6_vt2sq")]
transform = Transform3D(0.999766, 0, 0.0216404, 0, 1, 0, -0.0216404, 0, 0.999766, 24.8175, 0, 37.5663)

[node name="FloorTile31" parent="Geometry" instance=ExtResource("6_vt2sq")]
transform = Transform3D(0.999766, 0, 0.0216404, 0, 1, 0, -0.0216404, 0, 0.999766, 24.7087, 0, 32.5381)

[node name="FloorTile32" parent="Geometry" instance=ExtResource("6_vt2sq")]
transform = Transform3D(0.999766, 0, 0.0216404, 0, 1, 0, -0.0216404, 0, 0.999766, 24.6009, -0.0276065, 27.5586)

[node name="FloorTile34" parent="Geometry" instance=ExtResource("6_vt2sq")]
transform = Transform3D(0.999766, 0, 0.0216404, 0, 1, 0, -0.0216404, 0, 0.999766, 29.8806, 0, 37.4567)

[node name="FloorTile35" parent="Geometry" instance=ExtResource("6_vt2sq")]
transform = Transform3D(0.999766, 0, 0.0216404, 0, 1, 0, -0.0216404, 0, 0.999766, 29.7718, 0, 32.4285)

[node name="FloorTile37" parent="Geometry" instance=ExtResource("6_vt2sq")]
transform = Transform3D(0.999766, 0, 0.0216404, 0, 1, 0, -0.0216404, 0, 0.999766, 34.8426, 0, 37.3493)

[node name="FloorTile38" parent="Geometry" instance=ExtResource("6_vt2sq")]
transform = Transform3D(0.999766, 0, 0.0216404, 0, 1, 0, -0.0216404, 0, 0.999766, 34.7338, 0, 32.3211)

[node name="FloorTile39" parent="Geometry" instance=ExtResource("6_vt2sq")]
transform = Transform3D(0.999766, 0, 0.0216404, 0, 1, 0, -0.0216404, 0, 0.999766, 39.8494, 0, 37.2409)

[node name="FloorTile36" parent="Geometry" instance=ExtResource("6_vt2sq")]
transform = Transform3D(0.999766, 0, 0.0216404, 0, 1, 0, -0.0216404, 0, 0.999766, 29.664, -0.0276065, 27.449)

[node name="FloorTile2" parent="Geometry" instance=ExtResource("6_vt2sq")]
transform = Transform3D(0.707107, -0.297381, -0.641533, 0, 0.907264, -0.420561, 0.707107, 0.297381, 0.641533, 7.6489, -0.99753, 17.5482)

[node name="FloorTile3" parent="Geometry" instance=ExtResource("6_vt2sq")]
transform = Transform3D(0.707107, -0.297381, -0.641533, 0, 0.907264, -0.420561, 0.707107, 0.297381, 0.641533, 4.50273, -3.05757, 20.6944)

[node name="WallTile1" parent="Geometry" instance=ExtResource("8_exega")]
transform = Transform3D(0.689518, 0, -0.724268, 0, 1, 0, 0.724268, 0, 0.689518, 17.2379, -3.09101, 18.2561)

[node name="WallTile15" parent="Geometry" instance=ExtResource("8_exega")]
transform = Transform3D(0.711572, 0, -0.702613, 0, 1, 0, 0.702613, 0, 0.711572, 13.8456, -3.09101, 14.8769)

[node name="WallTile25" parent="Geometry" instance=ExtResource("8_exega")]
transform = Transform3D(0.717871, 0, 0.696176, 0, 1, 0, -0.696176, 0, 0.717871, 11.8499, -1.76877, 11.5436)

[node name="WallTile26" parent="Geometry" instance=ExtResource("8_exega")]
transform = Transform3D(0.717871, 0, 0.696176, 0, 1, 0, -0.696176, 0, 0.717871, 13.2251, -1.76877, 12.9617)

[node name="WallTile28" parent="Geometry" instance=ExtResource("8_exega")]
transform = Transform3D(0.717871, 0, 0.696176, 0, 1, 0, -0.696176, 0, 0.717871, 13.9961, -0.0545633, 13.7567)

[node name="WallTile29" parent="Geometry" instance=ExtResource("8_exega")]
transform = Transform3D(0.717871, 0, 0.696176, 0, 1, 0, -0.696176, 0, 0.717871, 15.394, 0.286452, 15.1981)

[node name="WallTile30" parent="Geometry" instance=ExtResource("8_exega")]
transform = Transform3D(0.717871, 0, 0.696176, 0, 1, 0, -0.696176, 0, 0.717871, 16.7951, 0.263218, 16.6428)

[node name="WallTile31" parent="Geometry" instance=ExtResource("8_exega")]
transform = Transform3D(0.717871, 0, 0.696176, 0, 1, 0, -0.696176, 0, 0.717871, 18.1779, -0.0545633, 18.0687)

[node name="WallTile32" parent="Geometry" instance=ExtResource("8_exega")]
transform = Transform3D(0.717871, 0, 0.696176, 0, 1, 0, -0.696176, 0, 0.717871, 19.4717, -0.080879, 19.4029)

[node name="WallTile50" parent="Geometry" instance=ExtResource("8_exega")]
transform = Transform3D(0.717871, 0, 0.696176, 0, 1, 0, -0.696176, 0, 0.717871, 15.0777, -0.080879, 21.6874)

[node name="WallTile51" parent="Geometry" instance=ExtResource("8_exega")]
transform = Transform3D(0.717871, 0, 0.696176, 0, 1, 0, -0.696176, 0, 0.717871, 16.4191, -0.080879, 23.0706)

[node name="WallTile52" parent="Geometry" instance=ExtResource("8_exega")]
transform = Transform3D(0.717871, 0, 0.696176, 0, 1, 0, -0.696176, 0, 0.717871, 17.751, -0.080879, 24.4439)

[node name="WallTile53" parent="Geometry" instance=ExtResource("8_exega")]
transform = Transform3D(0.717871, 0, 0.696176, 0, 1, 0, -0.696176, 0, 0.717871, 19.0669, -0.080879, 25.8008)

[node name="WallTile54" parent="Geometry" instance=ExtResource("8_exega")]
transform = Transform3D(0.717871, 0, 0.696176, 0, 1, 0, -0.696176, 0, 0.717871, 20.4653, -0.080879, 27.2429)

[node name="WallTile55" parent="Geometry" instance=ExtResource("8_exega")]
transform = Transform3D(0.999104, 0, 0.0423115, 0, 1, 0, -0.0423115, 0, 0.999104, 21.2547, -0.080879, 28.8808)

[node name="WallTile56" parent="Geometry" instance=ExtResource("8_exega")]
transform = Transform3D(0.999104, 0, 0.0423115, 0, 1, 0, -0.0423115, 0, 0.999104, 21.3386, -0.080879, 30.8626)

[node name="WallTile57" parent="Geometry" instance=ExtResource("8_exega")]
transform = Transform3D(0.999104, 0, 0.0423115, 0, 1, 0, -0.0423115, 0, 0.999104, 21.4212, -0.884076, 32.8125)

[node name="WallTile58" parent="Geometry" instance=ExtResource("8_exega")]
transform = Transform3D(0.999104, 0, 0.0423115, 0, 1, 0, -0.0423115, 0, 0.999104, 21.5036, -0.080879, 34.7573)

[node name="WallTile59" parent="Geometry" instance=ExtResource("8_exega")]
transform = Transform3D(0.999104, 0, 0.0423115, 0, 1, 0, -0.0423115, 0, 0.999104, 21.5796, -0.080879, 36.5525)

[node name="WallTile60" parent="Geometry" instance=ExtResource("8_exega")]
transform = Transform3D(0.999104, 0, 0.0423115, 0, 1, 0, -0.0423115, 0, 0.999104, 21.6627, -0.080879, 38.5139)

[node name="WallTile61" parent="Geometry" instance=ExtResource("8_exega")]
transform = Transform3D(0.999104, 0, 0.0423115, 0, 1, 0, -0.0423115, 0, 0.999104, 21.7054, -0.080879, 39.5237)

[node name="WallTile72" parent="Geometry" instance=ExtResource("8_exega")]
transform = Transform3D(0.999104, 0, 0.0423115, 0, 1, 0, -0.0423115, 0, 0.999104, 12.1512, -0.080879, 39.4459)

[node name="WallTile73" parent="Geometry" instance=ExtResource("8_exega")]
transform = Transform3D(0.999104, 0, 0.0423115, 0, 1, 0, -0.0423115, 0, 0.999104, 12.0683, -0.080879, 37.487)

[node name="WallTile74" parent="Geometry" instance=ExtResource("8_exega")]
transform = Transform3D(0.999104, 0, 0.0423115, 0, 1, 0, -0.0423115, 0, 0.999104, 11.9845, -0.080879, 35.5095)

[node name="WallTile75" parent="Geometry" instance=ExtResource("8_exega")]
transform = Transform3D(0.999104, 0, 0.0423115, 0, 1, 0, -0.0423115, 0, 0.999104, 11.9023, -0.080879, 33.5686)

[node name="WallTile76" parent="Geometry" instance=ExtResource("8_exega")]
transform = Transform3D(0.999104, 0, 0.0423115, 0, 1, 0, -0.0423115, 0, 0.999104, 11.821, -0.080879, 31.6482)

[node name="WallTile77" parent="Geometry" instance=ExtResource("8_exega")]
transform = Transform3D(0.999104, 0, 0.0423115, 0, 1, 0, -0.0423115, 0, 0.999104, 11.7366, -0.080879, 29.6561)

[node name="WallTile78" parent="Geometry" instance=ExtResource("8_exega")]
transform = Transform3D(0.999104, 0, 0.0423115, 0, 1, 0, -0.0423115, 0, 0.999104, 11.6537, -0.080879, 27.6967)

[node name="WallTile79" parent="Geometry" instance=ExtResource("8_exega")]
transform = Transform3D(0.999104, 0, 0.0423115, 0, 1, 0, -0.0423115, 0, 0.999104, 11.5704, -0.080879, 25.7315)

[node name="WallTile80" parent="Geometry" instance=ExtResource("8_exega")]
transform = Transform3D(0.999104, 0, 0.0423115, 0, 1, 0, -0.0423115, 0, 0.999104, 11.5319, -0.080879, 24.8214)

[node name="WallTile33" parent="Geometry" instance=ExtResource("8_exega")]
transform = Transform3D(0.717871, 0, 0.696176, 0, 1, 0, -0.696176, 0, 0.717871, 20.8935, -0.080879, 20.8691)

[node name="WallTile34" parent="Geometry" instance=ExtResource("8_exega")]
transform = Transform3D(0.717871, 0, 0.696176, 0, 1, 0, -0.696176, 0, 0.717871, 22.3283, -0.080879, 22.3486)

[node name="WallTile35" parent="Geometry" instance=ExtResource("8_exega")]
transform = Transform3D(0.717871, 0, 0.696176, 0, 1, 0, -0.696176, 0, 0.717871, 23.7346, -0.080879, 23.7986)

[node name="WallTile36" parent="Geometry" instance=ExtResource("8_exega")]
transform = Transform3D(0.717871, 0, 0.696176, 0, 1, 0, -0.696176, 0, 0.717871, 25.1534, -0.080879, 25.2617)

[node name="WallTile62" parent="Geometry" instance=ExtResource("8_exega")]
transform = Transform3D(0.717871, 0, 0.696176, 0, 1, 0, -0.696176, 0, 0.717871, 26.5331, -0.080879, 26.6844)

[node name="WallTile63" parent="Geometry" instance=ExtResource("8_exega")]
transform = Transform3D(0.717871, 0, 0.696176, 0, 1, 0, -0.696176, 0, 0.717871, 27.9289, -0.080879, 28.1237)

[node name="WallTile64" parent="Geometry" instance=ExtResource("8_exega")]
transform = Transform3D(0.717871, 0, 0.696176, 0, 1, 0, -0.696176, 0, 0.717871, 29.3136, -0.080879, 29.5515)

[node name="WallTile65" parent="Geometry" instance=ExtResource("8_exega")]
transform = Transform3D(0.717871, 0, 0.696176, 0, 1, 0, -0.696176, 0, 0.717871, 30.6994, -0.080879, 30.9806)

[node name="WallTile66" parent="Geometry" instance=ExtResource("8_exega")]
transform = Transform3D(0.717871, 0, 0.696176, 0, 1, 0, -0.696176, 0, 0.717871, 32.1145, -0.080879, 32.4397)

[node name="WallTile67" parent="Geometry" instance=ExtResource("8_exega")]
transform = Transform3D(0.717871, 0, 0.696176, 0, 1, 0, -0.696176, 0, 0.717871, 33.5109, -0.080879, 33.8797)

[node name="WallTile68" parent="Geometry" instance=ExtResource("8_exega")]
transform = Transform3D(0.717871, 0, 0.696176, 0, 1, 0, -0.696176, 0, 0.717871, 34.904, -0.080879, 35.3162)

[node name="WallTile69" parent="Geometry" instance=ExtResource("8_exega")]
transform = Transform3D(0.717871, 0, 0.696176, 0, 1, 0, -0.696176, 0, 0.717871, 36.3395, -0.080879, 36.7964)

[node name="WallTile70" parent="Geometry" instance=ExtResource("8_exega")]
transform = Transform3D(0.717871, 0, 0.696176, 0, 1, 0, -0.696176, 0, 0.717871, 37.7303, -0.080879, 38.2305)

[node name="WallTile71" parent="Geometry" instance=ExtResource("8_exega")]
transform = Transform3D(0.717871, 0, 0.696176, 0, 1, 0, -0.696176, 0, 0.717871, 38.8665, -0.080879, 39.4021)

[node name="WallTile27" parent="Geometry" instance=ExtResource("8_exega")]
transform = Transform3D(0.717871, 0, 0.696176, 0, 1, 0, -0.696176, 0, 0.717871, 13.2251, -1.76877, 12.9617)

[node name="WallTile16" parent="Geometry" instance=ExtResource("8_exega")]
transform = Transform3D(0.711572, 0, -0.702613, 0, 1, 0, 0.702613, 0, 0.711572, 12.4623, -3.09101, 16.2779)

[node name="WallTile17" parent="Geometry" instance=ExtResource("8_exega")]
transform = Transform3D(0.711572, 0, -0.702613, 0, 1, 0, 0.702613, 0, 0.711572, 11.67, -3.09101, 17.0803)

[node name="WallTile18" parent="Geometry" instance=ExtResource("8_exega")]
transform = Transform3D(0.711572, -0.30391, -0.633485, 0, 0.901614, -0.432542, 0.702613, 0.307785, 0.641563, 11.3531, -3.00745, 17.4012)

[node name="WallTile19" parent="Geometry" instance=ExtResource("8_exega")]
transform = Transform3D(0.711572, -0.30391, -0.633485, 0, 0.901614, -0.432542, 0.702613, 0.307785, 0.641563, 10.144, -3.83305, 18.6258)

[node name="WallTile20" parent="Geometry" instance=ExtResource("8_exega")]
transform = Transform3D(0.711572, -0.30391, -0.633485, 0, 0.901614, -0.432542, 0.702613, 0.307785, 0.641563, 8.94142, -4.65415, 19.8437)

[node name="WallTile21" parent="Geometry" instance=ExtResource("8_exega")]
transform = Transform3D(0.712026, 0, -0.702153, 0, 1, 0, 0.702153, 0, 0.712026, 8.03227, -3.8079, 20.7644)

[node name="WallTile37" parent="Geometry" instance=ExtResource("8_exega")]
transform = Transform3D(0.712026, 0, -0.702153, 0, 1, 0, 0.702153, 0, 0.712026, 9.42447, -3.8079, 19.3526)

[node name="WallTile22" parent="Geometry" instance=ExtResource("8_exega")]
transform = Transform3D(0.712026, 0, -0.702153, 0, 1, 0, 0.702153, 0, 0.712026, 6.62742, -3.8079, 22.189)

[node name="WallTile23" parent="Geometry" instance=ExtResource("8_exega")]
transform = Transform3D(-0.0113969, 0, -0.999935, 0, 1, 0, 0.999935, 0, -0.0113969, 4.97386, -3.8079, 22.7612)

[node name="WallTile24" parent="Geometry" instance=ExtResource("8_exega")]
transform = Transform3D(-0.0113969, 0, -0.999935, 0, 1, 0, 0.999935, 0, -0.0113969, 1.23072, -3.8079, 22.7185)

[node name="WallTile2" parent="Geometry" instance=ExtResource("8_exega")]
transform = Transform3D(0.689518, 0, -0.724268, 0, 1, 0, 0.724268, 0, 0.689518, 15.8028, -3.09101, 19.6223)

[node name="WallTile3" parent="Geometry" instance=ExtResource("8_exega")]
transform = Transform3D(0.689518, 0, -0.724268, 0, 1, 0, 0.724268, 0, 0.689518, 14.3409, -3.09101, 21.014)

[node name="WallTile38" parent="Geometry" instance=ExtResource("8_exega")]
transform = Transform3D(0.689518, 0, -0.724268, 0, 1, 0, 0.724268, 0, 0.689518, 13.7631, -0.0334649, 21.5642)

[node name="WallTile39" parent="Geometry" instance=ExtResource("8_exega")]
transform = Transform3D(0.689518, 0, -0.724268, 0, 1, 0, 0.724268, 0, 0.689518, 12.3024, -0.0334649, 22.9548)

[node name="WallTile40" parent="Geometry" instance=ExtResource("8_exega")]
transform = Transform3D(0.689518, 0, -0.724268, 0, 1, 0, 0.724268, 0, 0.689518, 10.8783, -0.0334649, 24.3106)

[node name="WallTile41" parent="Geometry" instance=ExtResource("8_exega")]
transform = Transform3D(0.689518, 0, -0.724268, 0, 1, 0, 0.724268, 0, 0.689518, 9.4226, -0.0334649, 25.6964)

[node name="WallTile42" parent="Geometry" instance=ExtResource("8_exega")]
transform = Transform3D(0.689518, 0, -0.724268, 0, 1, 0, 0.724268, 0, 0.689518, 7.95831, -0.0334649, 27.0904)

[node name="WallTile43" parent="Geometry" instance=ExtResource("8_exega")]
transform = Transform3D(1, 0, 0, 0, 1, 0, 0, 0, 1, 7.11382, -0.0334654, 28.7616)

[node name="WallTile44" parent="Geometry" instance=ExtResource("8_exega")]
transform = Transform3D(1, 0, 0, 0, 1, 0, 0, 0, 1, 7.11382, -1.37231, 30.775)

[node name="WallTile45" parent="Geometry" instance=ExtResource("8_exega")]
transform = Transform3D(1, 0, 0, 0, 1, 0, 0, 0, 1, 7.11382, -1.37231, 32.7748)

[node name="WallTile46" parent="Geometry" instance=ExtResource("8_exega")]
transform = Transform3D(1, 0, 0, 0, 1, 0, 0, 0, 1, 7.11382, -1.37231, 34.7883)

[node name="WallTile47" parent="Geometry" instance=ExtResource("8_exega")]
transform = Transform3D(1, 0, 0, 0, 1, 0, 0, 0, 1, 7.11382, -1.37231, 36.786)

[node name="WallTile48" parent="Geometry" instance=ExtResource("8_exega")]
transform = Transform3D(1, 0, 0, 0, 1, 0, 0, 0, 1, 7.11382, -0.0808921, 38.7883)

[node name="WallTile49" parent="Geometry" instance=ExtResource("8_exega")]
transform = Transform3D(1, 0, 0, 0, 1, 0, 0, 0, 1, 7.11382, -0.0808921, 40.1644)

[node name="WallTile4" parent="Geometry" instance=ExtResource("8_exega")]
transform = Transform3D(0.689518, 0, -0.724268, 0, 1, 0, 0.724268, 0, 0.689518, 12.8957, -3.09101, 22.3899)

[node name="WallTile5" parent="Geometry" instance=ExtResource("8_exega")]
transform = Transform3D(0.689518, 0, -0.724268, 0, 1, 0, 0.724268, 0, 0.689518, 11.4576, -3.09101, 23.759)

[node name="WallTile6" parent="Geometry" instance=ExtResource("8_exega")]
transform = Transform3D(0.689518, 0, -0.724268, 0, 1, 0, 0.724268, 0, 0.689518, 10.0788, -3.09101, 25.0717)

[node name="WallTile7" parent="Geometry" instance=ExtResource("8_exega")]
transform = Transform3D(0.689518, 0, -0.724268, 0, 1, 0, 0.724268, 0, 0.689518, 8.61102, -3.09101, 26.469)

[node name="WallTile8" parent="Geometry" instance=ExtResource("8_exega")]
transform = Transform3D(0.689518, 0, -0.724268, 0, 1, 0, 0.724268, 0, 0.689518, 7.69253, -3.09101, 27.3435)

[node name="WallTile9" parent="Geometry" instance=ExtResource("8_exega")]
transform = Transform3D(0.999736, 0, 0.0229665, 0, 1, 0, -0.0229665, 0, 0.999736, 6.98145, -3.09101, 29.1295)

[node name="WallTile10" parent="Geometry" instance=ExtResource("8_exega")]
transform = Transform3D(0.999736, 0, 0.0229665, 0, 1, 0, -0.0229665, 0, 0.999736, 7.0278, -3.09101, 31.1471)

[node name="WallTile11" parent="Geometry" instance=ExtResource("8_exega")]
transform = Transform3D(0.999736, 0, 0.0229665, 0, 1, 0, -0.0229665, 0, 0.999736, 7.07414, -3.09101, 33.1643)

[node name="WallTile12" parent="Geometry" instance=ExtResource("8_exega")]
transform = Transform3D(0.999736, 0, 0.0229665, 0, 1, 0, -0.0229665, 0, 0.999736, 7.11962, -3.09101, 35.1437)

[node name="WallTile13" parent="Geometry" instance=ExtResource("8_exega")]
transform = Transform3D(0.999736, 0, 0.0229665, 0, 1, 0, -0.0229665, 0, 0.999736, 7.16549, -3.09101, 37.1406)

[node name="WallTile14" parent="Geometry" instance=ExtResource("8_exega")]
transform = Transform3D(0.999736, 0, 0.0229665, 0, 1, 0, -0.0229665, 0, 0.999736, 7.20721, -3.09101, 38.9568)

[node name="CenterRoom" type="CSGMesh3D" parent="."]
transform = Transform3D(1, 0, 0, 0, 1, 0, 0, 0, 1, 0, -36.6288, 0)
mesh = SubResource("CylinderMesh_ostqh")

[node name="Box" parent="." instance=ExtResource("6_y7ee0")]
transform = Transform3D(1, 0, 0, 0, 1, 0, 0, 0, 1, 9.0382, 0.0499997, 14.8878)

[connection signal="pressed" from="Gameplay/Room1/Button" to="Gameplay/Room1/PowerLine" method="on_powered"]
[connection signal="pressed" from="Gameplay/Room1/Button" to="Gameplay/Room1/Door" method="_on_signal_activated"]
[connection signal="unpressed" from="Gameplay/Room1/Button" to="Gameplay/Room1/PowerLine" method="on_unpowered"]
[connection signal="unpressed" from="Gameplay/Room1/Button" to="Gameplay/Room1/Door" method="_on_signal_disactivated"]
[connection signal="pressed" from="Gameplay/ControlRoom/Button" to="Gameplay/ControlRoom/Door" method="_on_signal_activated"]
[connection signal="pressed" from="Gameplay/ControlRoom/Button" to="Gameplay/ControlRoom/PowerLine" method="on_powered"]
[connection signal="unpressed" from="Gameplay/ControlRoom/Button" to="Gameplay/ControlRoom/Door" method="_on_signal_disactivated"]
[connection signal="unpressed" from="Gameplay/ControlRoom/Button" to="Gameplay/ControlRoom/PowerLine" method="on_unpowered"]
