[gd_scene load_steps=33 format=3 uid="uid://bbu45o3pef4kc"]

[ext_resource type="PackedScene" uid="uid://dguc6wibu6e40" path="res://assets/prefabs/laser_emitter.tscn" id="1_v4vyf"]
[ext_resource type="PackedScene" uid="uid://bu71ca4byh12r" path="res://assets/prefabs/tiles/outer_wall_tile_1.tscn" id="5_4jdjc"]
[ext_resource type="PackedScene" uid="uid://pc3k2vyryge5" path="res://assets/prefabs/button.tscn" id="5_jxc0d"]
[ext_resource type="PackedScene" uid="uid://dcjw51pfs7v86" path="res://assets/prefabs/door.tscn" id="6_trpuh"]
[ext_resource type="PackedScene" uid="uid://cbnmfkaxsw4ki" path="res://assets/prefabs/box.tscn" id="8_if3gp"]
[ext_resource type="PackedScene" uid="uid://b06ku0w7nydkk" path="res://assets/prefabs/power_line.tscn" id="8_roq5e"]
[ext_resource type="PackedScene" uid="uid://cf24rsq3p2ei1" path="res://assets/prefabs/tiles/floor_tile_1.tscn" id="9_34wva"]
[ext_resource type="PackedScene" uid="uid://d1161nw1kfdh0" path="res://assets/prefabs/laser_absorber.tscn" id="9_xkn5s"]
[ext_resource type="PackedScene" uid="uid://bibke4m7obh01" path="res://assets/prefabs/robot_crabot.tscn" id="10_kjfhd"]
[ext_resource type="PackedScene" uid="uid://bdguoqhpmcppa" path="res://assets/prefabs/tiles/wall_tile_1.tscn" id="10_kot3v"]
[ext_resource type="PackedScene" uid="uid://cv03cxb8jcsy8" path="res://assets/prefabs/terminal.tscn" id="11_yr2dp"]
[ext_resource type="PackedScene" uid="uid://cyd5hd61f5m0h" path="res://assets/prefabs/robot_big.tscn" id="12_6wpo7"]
[ext_resource type="PackedScene" uid="uid://dmtm7k1fhpmkj" path="res://assets/prefabs/robot_bobot.tscn" id="13_ajk82"]
[ext_resource type="PackedScene" uid="uid://djpkb7s0oa4fu" path="res://assets/prefabs/robot_flying.tscn" id="14_s88ej"]
[ext_resource type="PackedScene" uid="uid://x4iemqwg43y3" path="res://assets/models/Tiles/tile_001.tscn" id="15_t5a8e"]
[ext_resource type="PackedScene" uid="uid://coovk5fcqufvd" path="res://assets/models/Tiles/tile_002.tscn" id="16_hgweq"]
[ext_resource type="PackedScene" uid="uid://gtn02560h2u7" path="res://assets/models/Tiles/tile_003.tscn" id="17_6mo60"]
[ext_resource type="PackedScene" uid="uid://bdk7hqci7w3id" path="res://assets/models/Tiles/tile_004.tscn" id="18_v37xe"]
[ext_resource type="PackedScene" uid="uid://dylxy5ljwi5bj" path="res://assets/models/Tiles/pandus.tscn" id="19_d8r32"]

[sub_resource type="QuadMesh" id="QuadMesh_l1iiy"]
size = Vector2(0.1, 1)

[sub_resource type="StandardMaterial3D" id="StandardMaterial3D_kbvu8"]

[sub_resource type="QuadMesh" id="QuadMesh_3xc1g"]
size = Vector2(0.1, 3)

[sub_resource type="QuadMesh" id="QuadMesh_augpf"]
size = Vector2(0.1, 20)

[sub_resource type="QuadMesh" id="QuadMesh_y3flv"]
size = Vector2(0.1, 1.7)

[sub_resource type="QuadMesh" id="QuadMesh_rbb1c"]
size = Vector2(0.1, 6.6)

[sub_resource type="CylinderMesh" id="CylinderMesh_ostqh"]
top_radius = 10.0
bottom_radius = 10.0
height = 100.0

[sub_resource type="BoxShape3D" id="BoxShape3D_twxm2"]
size = Vector3(50, 1, 50)

[sub_resource type="BoxShape3D" id="BoxShape3D_82smh"]
size = Vector3(50, 6, 2)

[sub_resource type="BoxShape3D" id="BoxShape3D_1ig8s"]
size = Vector3(2, 6, 50)

[sub_resource type="BoxShape3D" id="BoxShape3D_kbdlj"]
size = Vector3(2, 6, 50)

[sub_resource type="BoxShape3D" id="BoxShape3D_vivie"]
size = Vector3(50, 6, 2)

[sub_resource type="BoxShape3D" id="BoxShape3D_pgtg3"]
size = Vector3(50, 1, 50)

[node name="Level4" type="Node3D"]
transform = Transform3D(1, 0, 0, 0, 1, 0, 0, 0, 1, 0, 0, 0)

[node name="OldLevel" type="Node3D" parent="."]
transform = Transform3D(0.707107, 0, 0.707107, 0, 1, 0, -0.707107, 0, 0.707107, 0, 0, 0)

[node name="Gameplay" type="Node3D" parent="OldLevel"]

[node name="Room1" type="Node3D" parent="OldLevel/Gameplay"]

[node name="LaserEmitter" parent="OldLevel/Gameplay/Room1" instance=ExtResource("1_v4vyf")]
transform = Transform3D(-1, 0, -8.74228e-08, 0, 1, 0, 8.74228e-08, 0, -1, 33.0716, 0.05, 2.06199)

[node name="Box" parent="OldLevel/Gameplay/Room1" instance=ExtResource("8_if3gp")]
transform = Transform3D(-0.707107, 0, 0.707107, 0, 1, 0, -0.707107, 0, -0.707107, 28.2464, 0.05, 28.8488)

[node name="Door" parent="OldLevel/Gameplay/Room1" instance=ExtResource("6_trpuh")]
transform = Transform3D(0.707107, 0, -0.707107, 0, 1, 0, 0.707107, 0, 0.707107, 27.393, 0, 10.162)

[node name="LaserAbsorber" parent="OldLevel/Gameplay/Room1" instance=ExtResource("9_xkn5s")]
transform = Transform3D(-0.962715, 0, 0.270516, 0, 1, 0, -0.270516, 0, -0.962715, 39.1294, 0.0500009, 11.839)

[node name="Room2" type="Node3D" parent="OldLevel/Gameplay"]

[node name="LaserAbsorber1" parent="OldLevel/Gameplay/Room2" instance=ExtResource("9_xkn5s")]
transform = Transform3D(0.707106, 0, 0.707106, 0, 1, 0, -0.707106, 0, 0.707106, 17.9943, 0.0499995, 35.5244)

[node name="Door" parent="OldLevel/Gameplay/Room2" instance=ExtResource("6_trpuh")]
transform = Transform3D(0.707107, 0, 0.707107, 0, 1, 0, -0.707107, 0, 0.707107, 15.456, 0, 27.9511)

[node name="LaserAbsorber2" parent="OldLevel/Gameplay/Room2" instance=ExtResource("9_xkn5s")]
transform = Transform3D(-0.707107, 0, -0.707107, 0, 1, 0, 0.707107, 0, -0.707107, 31.0227, 0.05, 14.0437)

[node name="Door2" parent="OldLevel/Gameplay/Room2" instance=ExtResource("6_trpuh")]
transform = Transform3D(0.707107, 0, -0.707107, 0, 1, 0, 0.707107, 0, 0.707107, 34.381, 0, 17.19)

[node name="Room3" type="Node3D" parent="OldLevel/Gameplay"]

[node name="LaserEmitter" parent="OldLevel/Gameplay/Room3" instance=ExtResource("1_v4vyf")]
transform = Transform3D(-0.707107, 0, -0.707107, 0, 1, 0, 0.707107, 0, -0.707107, 1.26464, 0.0346825, 27.0545)

[node name="LaserAbsorber" parent="OldLevel/Gameplay/Room3" instance=ExtResource("9_xkn5s")]
transform = Transform3D(-0.707107, 0, -0.707107, 0, 1, 0, 0.707107, 0, -0.707107, 7.13569, 0.05, 25.5608)

[node name="Door" parent="OldLevel/Gameplay/Room3" instance=ExtResource("6_trpuh")]
transform = Transform3D(0.974106, 0, 0.22609, 0, 1, 0, -0.22609, 0, 0.974106, 7.475, 0, 33.001)

[node name="ControlRoom" type="Node3D" parent="OldLevel/Gameplay"]

[node name="Door" parent="OldLevel/Gameplay/ControlRoom" instance=ExtResource("6_trpuh")]
transform = Transform3D(-4.37114e-08, 0, -0.999999, 0, 1, 0, 0.999999, 0, -4.37114e-08, 0.121644, 13.3394, 4.83503)
required_signals = 2

[node name="LaserAbsorber" parent="OldLevel/Gameplay/ControlRoom" instance=ExtResource("9_xkn5s")]
transform = Transform3D(0.707107, 0, -0.707107, 0, 1, 0, 0.707107, 0, 0.707107, 9.2606, 0.05, 12.8407)

[node name="Button" parent="OldLevel/Gameplay/ControlRoom" instance=ExtResource("5_jxc0d")]
transform = Transform3D(0.707107, 0, 0.707107, 0, 1, 0, -0.707107, 0, 0.707107, 14.1085, 0.076628, 10.3727)

[node name="PowerLine" parent="OldLevel/Gameplay/ControlRoom" instance=ExtResource("8_roq5e")]
transform = Transform3D(1, 0, 0, 0, 1, 0, 0, 0, 1, 28.0987, 0.076628, 11.8457)

[node name="Line1" type="CSGMesh3D" parent="OldLevel/Gameplay/ControlRoom/PowerLine"]
transform = Transform3D(0.707107, -0.707107, -3.09086e-08, 0, -4.37114e-08, 1, -0.707107, -0.707107, -3.09086e-08, -15.1064, -0.0623998, -2.53599)
mesh = SubResource("QuadMesh_l1iiy")
material = SubResource("StandardMaterial3D_kbvu8")

[node name="Line2" type="CSGMesh3D" parent="OldLevel/Gameplay/ControlRoom/PowerLine"]
transform = Transform3D(0.707107, 0.000592291, 0.707107, 0, 1, -0.000837684, -0.707107, 0.000592291, 0.707107, -15.2885, 1.39853, -2.7285)
mesh = SubResource("QuadMesh_3xc1g")
material = SubResource("StandardMaterial3D_kbvu8")

[node name="Line3" type="CSGMesh3D" parent="OldLevel/Gameplay/ControlRoom/PowerLine"]
transform = Transform3D(0.441146, 0.000592291, 0.897435, 0.000270256, 0.999999, -0.000792887, -0.897435, 0.000592291, 0.441145, -19.4333, 3.25056, -6.86313)
mesh = SubResource("QuadMesh_augpf")
material = SubResource("StandardMaterial3D_kbvu8")

[node name="Line4" type="CSGMesh3D" parent="OldLevel/Gameplay/ControlRoom/PowerLine"]
transform = Transform3D(0.707107, -0.707107, -3.09086e-08, 0, -4.37114e-08, 1, -0.707107, -0.707107, -3.09086e-08, -20.086, 13.2978, -7.4798)
mesh = SubResource("QuadMesh_y3flv")
material = SubResource("StandardMaterial3D_kbvu8")

[node name="Line5" type="CSGMesh3D" parent="OldLevel/Gameplay/ControlRoom/PowerLine"]
transform = Transform3D(-4.37114e-08, -1, -4.37114e-08, 0, -4.37114e-08, 1, -1, 4.37114e-08, 1.91069e-15, -23.9659, 13.2978, -8.07364)
mesh = SubResource("QuadMesh_rbb1c")
material = SubResource("StandardMaterial3D_kbvu8")

[node name="RobotCrabot" parent="OldLevel/Gameplay" instance=ExtResource("10_kjfhd")]
transform = Transform3D(0.00448535, 0, 0.99999, 0, 1, 0, -0.99999, 0, 0.00448535, 37.7827, 0.00246418, 5.52173)

[node name="CrabotTerminal" parent="OldLevel/Gameplay" node_paths=PackedStringArray("robot") instance=ExtResource("11_yr2dp")]
transform = Transform3D(-0.707107, 0, -0.707107, 0, 1, 0, 0.707107, 0, -0.707107, 23.0496, 0.5, 19.7795)
robot = NodePath("../RobotCrabot")

[node name="BigRobot" parent="OldLevel/Gameplay" instance=ExtResource("12_6wpo7")]
transform = Transform3D(0.707107, 0, 0.707107, 0, 1, 0, -0.707107, 0, 0.707107, 17.8782, -2.96101, 18.3676)

[node name="BigRobotTerminal" parent="OldLevel/Gameplay" node_paths=PackedStringArray("robot") instance=ExtResource("11_yr2dp")]
transform = Transform3D(-0.634393, 0, -0.77301, 0, 1, 0, 0.77301, 0, -0.634393, 6.59034, 13.3756, 5.67976)
robot = NodePath("../BigRobot")

[node name="BobotRobot" parent="OldLevel/Gameplay" instance=ExtResource("13_ajk82")]
transform = Transform3D(0.707107, 0, 0.707107, 0, 1, 0, -0.707107, 0, 0.707107, 17.9345, 0, 18.6097)

[node name="BobotTerminal" parent="OldLevel/Gameplay" node_paths=PackedStringArray("robot") instance=ExtResource("11_yr2dp")]
transform = Transform3D(-0.845737, 0, -0.5336, 0, 1, 0, 0.5336, 0, -0.845737, 4.47585, 13.3756, 7.4518)
robot = NodePath("../BobotRobot")

[node name="BeebotTerminal" parent="OldLevel/Gameplay" node_paths=PackedStringArray("robot") instance=ExtResource("11_yr2dp")]
transform = Transform3D(-0.707107, 0, 0.707107, 0, 1, 0, -0.707107, 0, -0.707107, 15.6812, 0.5, 32.2098)
robot = NodePath("../FlyingRobot")

[node name="FlyingRobot" parent="OldLevel/Gameplay" instance=ExtResource("14_s88ej")]
transform = Transform3D(-0.707107, 0, -0.707107, 0, 1, 0, 0.707107, 0, -0.707107, 10.0493, 0.0499998, 14.227)

[node name="RobotCrabot2" parent="OldLevel/Gameplay" instance=ExtResource("10_kjfhd")]
transform = Transform3D(0.343348, 0, -0.939208, 0, 1, 0, 0.939208, 0, 0.343348, 4.75301, 0.05, 39.2123)

[node name="CrabotTerminal2" parent="OldLevel/Gameplay" node_paths=PackedStringArray("robot") instance=ExtResource("11_yr2dp")]
transform = Transform3D(0.976334, 0, 0.216269, 0, 1, 0, -0.216269, 0, 0.976334, 3.907, -0.83, 34.744)
robot = NodePath("../RobotCrabot2")

[node name="Geometry" type="Node3D" parent="OldLevel"]

[node name="FloorTile1" parent="OldLevel/Geometry" instance=ExtResource("9_34wva")]
transform = Transform3D(0.707107, 0, -0.707107, 0, 1, 0, 0.707107, 0, 0.707107, 16.0074, 0, 9.50984)

[node name="FloorTile10" parent="OldLevel/Geometry" instance=ExtResource("9_34wva")]
transform = Transform3D(0.707107, 0, -0.707107, 0, 1, 0, 0.707107, 0, 0.707107, 19.5355, 0, 5.98177)

[node name="FloorTile4" parent="OldLevel/Geometry" instance=ExtResource("9_34wva")]
transform = Transform3D(0.707107, 0, -0.707107, 0, 1, 0, 0.707107, 0, 0.707107, 12.4214, 0, 13.0958)

[node name="FloorTile5" parent="OldLevel/Geometry" instance=ExtResource("9_34wva")]
transform = Transform3D(0.707107, 0, -0.707107, 0, 1, 0, 0.707107, 0, 0.707107, 8.83571, 0, 16.6815)

[node name="FloorTile56" parent="OldLevel/Geometry" instance=ExtResource("9_34wva")]
transform = Transform3D(0.707107, 0, -0.707107, 0, 1, 0, 0.707107, 0, 0.707107, 5.33462, 0, 20.1826)

[node name="WallTile1" parent="OldLevel/Geometry" instance=ExtResource("5_4jdjc")]
transform = Transform3D(-0.707107, 0, 0.707107, 0, 1, 0, -0.707107, 0, -0.707107, 12.6813, 0, 9.18428)

[node name="WallTile5" parent="OldLevel/Geometry" instance=ExtResource("5_4jdjc")]
transform = Transform3D(-0.707107, 0, 0.707107, 0, 1, 0, -0.707107, 0, -0.707107, 10.5435, 0, 11.3221)

[node name="WallTile6" parent="OldLevel/Geometry" instance=ExtResource("5_4jdjc")]
transform = Transform3D(-0.707107, 0, 0.707107, 0, 1, 0, -0.707107, 0, -0.707107, 8.43416, 0, 13.4314)

[node name="WallTile7" parent="OldLevel/Geometry" instance=ExtResource("5_4jdjc")]
transform = Transform3D(-0.707107, 0, 0.707107, 0, 1, 0, -0.707107, 0, -0.707107, 6.29681, 0, 15.5688)

[node name="WallTile8" parent="OldLevel/Geometry" instance=ExtResource("5_4jdjc")]
transform = Transform3D(-0.707107, 0, 0.707107, 0, 1, 0, -0.707107, 0, -0.707107, 4.14977, 0, 17.7158)

[node name="WallTile9" parent="OldLevel/Geometry" instance=ExtResource("5_4jdjc")]
transform = Transform3D(-0.707107, 0, 0.707107, 0, 1, 0, -0.707107, 0, -0.707107, 2.00514, 0, 19.8604)

[node name="WallTile10" parent="OldLevel/Geometry" instance=ExtResource("5_4jdjc")]
transform = Transform3D(-1, 0, -8.74228e-08, 0, 1, 0, 8.74228e-08, 0, -1, 0.940687, -2.38419e-07, 22.3447)

[node name="WallTile11" parent="OldLevel/Geometry" instance=ExtResource("5_4jdjc")]
transform = Transform3D(-1, 0, -8.74228e-08, 0, 1, 0, 8.74228e-08, 0, -1, 0.940687, -2.38419e-07, 25.3813)

[node name="WallTile12" parent="OldLevel/Geometry" instance=ExtResource("5_4jdjc")]
transform = Transform3D(-1, 0, -8.74228e-08, 0, 1, 0, 8.74228e-08, 0, -1, 0.940687, -2.38419e-07, 28.3897)

[node name="WallTile13" parent="OldLevel/Geometry" instance=ExtResource("5_4jdjc")]
transform = Transform3D(-1, 0, -8.74228e-08, 0, 1, 0, 8.74228e-08, 0, -1, 0.940687, -2.38419e-07, 31.4104)

[node name="WallTile14" parent="OldLevel/Geometry" instance=ExtResource("5_4jdjc")]
transform = Transform3D(-1, 0, -8.74228e-08, 0, 1, 0, 8.74228e-08, 0, -1, 0.940688, -2.38419e-07, 34.4433)

[node name="WallTile15" parent="OldLevel/Geometry" instance=ExtResource("5_4jdjc")]
transform = Transform3D(-1, 0, -8.74228e-08, 0, 1, 0, 8.74228e-08, 0, -1, 0.940688, -2.38419e-07, 37.4404)

[node name="WallTile16" parent="OldLevel/Geometry" instance=ExtResource("5_4jdjc")]
transform = Transform3D(-1, 0, -8.74228e-08, 0, 1, 0, 8.74228e-08, 0, -1, 0.940688, -2.38419e-07, 40.4652)

[node name="WallTile17" parent="OldLevel/Geometry" instance=ExtResource("5_4jdjc")]
transform = Transform3D(-0.000663348, 0, 1, 0, 1, 0, -1, 0, -0.000663348, 39.7411, -2.38419e-07, 1.75484)

[node name="WallTile24" parent="OldLevel/Geometry" instance=ExtResource("5_4jdjc")]
transform = Transform3D(0.994654, 0, -0.103261, 0, 1, 0, 0.103261, 0, 0.994654, 40.9701, -2.38419e-07, 3.1633)

[node name="WallTile25" parent="OldLevel/Geometry" instance=ExtResource("5_4jdjc")]
transform = Transform3D(0.9872, 0, -0.159485, 0, 1, 0, 0.159485, 0, 0.9872, 40.5461, -2.38419e-07, 6.15635)

[node name="WallTile26" parent="OldLevel/Geometry" instance=ExtResource("5_4jdjc")]
transform = Transform3D(0.976126, 0, -0.217206, 0, 1, 0, 0.217206, 0, 0.976126, 40.0029, -2.38419e-07, 9.13306)

[node name="WallTile27" parent="OldLevel/Geometry" instance=ExtResource("5_4jdjc")]
transform = Transform3D(0.955284, 0, -0.295691, 0, 1, 0, 0.295691, 0, 0.955284, 39.271, -2.38419e-07, 12.0216)

[node name="WallTile28" parent="OldLevel/Geometry" instance=ExtResource("5_4jdjc")]
transform = Transform3D(0.94107, 0, -0.338212, 0, 1, 0, 0.338212, 0, 0.94107, 38.2878, -2.38419e-07, 14.8259)

[node name="WallTile29" parent="OldLevel/Geometry" instance=ExtResource("5_4jdjc")]
transform = Transform3D(0.905473, 0, -0.424405, 0, 1, 0, 0.424405, 0, 0.905473, 37.126, -2.38419e-07, 17.5517)

[node name="WallTile30" parent="OldLevel/Geometry" instance=ExtResource("5_4jdjc")]
transform = Transform3D(0.873024, 0, -0.487677, 0, 1, 0, 0.487677, 0, 0.873024, 35.7878, -2.38419e-07, 20.1536)

[node name="WallTile31" parent="OldLevel/Geometry" instance=ExtResource("5_4jdjc")]
transform = Transform3D(0.837843, 0, -0.545912, 0, 1, 0, 0.545912, 0, 0.837843, 34.2169, -2.38419e-07, 22.7253)

[node name="WallTile32" parent="OldLevel/Geometry" instance=ExtResource("5_4jdjc")]
transform = Transform3D(0.796467, 0, -0.604683, 0, 1, 0, 0.604683, 0, 0.796467, 32.5257, -0.0323517, 25.1651)

[node name="WallTile33" parent="OldLevel/Geometry" instance=ExtResource("5_4jdjc")]
transform = Transform3D(0.741273, 0, -0.671203, 0, 1, 0, 0.671203, 0, 0.741273, 30.5794, -0.0323517, 27.4834)

[node name="WallTile34" parent="OldLevel/Geometry" instance=ExtResource("5_4jdjc")]
transform = Transform3D(0.697328, 0, -0.716752, 0, 1, 0, 0.716752, 0, 0.697328, 28.5276, -0.0323517, 29.6059)

[node name="WallTile35" parent="OldLevel/Geometry" instance=ExtResource("5_4jdjc")]
transform = Transform3D(0.649873, 0, -0.760043, 0, 1, 0, 0.760043, 0, 0.649873, 26.3168, -0.0323517, 31.6001)

[node name="WallTile36" parent="OldLevel/Geometry" instance=ExtResource("5_4jdjc")]
transform = Transform3D(0.597863, 0, -0.801598, 0, 1, 0, 0.801598, 0, 0.597863, 24.0005, -0.0323517, 33.3907)

[node name="WallTile37" parent="OldLevel/Geometry" instance=ExtResource("5_4jdjc")]
transform = Transform3D(0.511698, 0, -0.859165, 0, 1, 0, 0.859165, 0, 0.511698, 21.542, -0.0323517, 35.0584)

[node name="WallTile38" parent="OldLevel/Geometry" instance=ExtResource("5_4jdjc")]
transform = Transform3D(0.476223, 0, -0.879325, 0, 1, 0, 0.879325, 0, 0.476223, 18.9444, -0.0323513, 36.5136)

[node name="WallTile39" parent="OldLevel/Geometry" instance=ExtResource("5_4jdjc")]
transform = Transform3D(0.383844, 0, -0.923398, 0, 1, 0, 0.923398, 0, 0.383844, 16.2519, -0.0323513, 37.8182)

[node name="WallTile40" parent="OldLevel/Geometry" instance=ExtResource("5_4jdjc")]
transform = Transform3D(0.37472, 0, -0.927138, 0, 1, 0, 0.927138, 0, 0.37472, 13.5251, -0.0323513, 38.9436)

[node name="WallTile41" parent="OldLevel/Geometry" instance=ExtResource("5_4jdjc")]
transform = Transform3D(0.346281, 0, -0.938131, 0, 1, 0, 0.938131, 0, 0.346281, 10.7188, -0.0323513, 40.0104)

[node name="WallTile42" parent="OldLevel/Geometry" instance=ExtResource("5_4jdjc")]
transform = Transform3D(0.215247, 0, -0.97656, 0, 1, 0, 0.97656, 0, 0.215247, 7.9304, -0.0323513, 40.8634)

[node name="WallTile43" parent="OldLevel/Geometry" instance=ExtResource("5_4jdjc")]
transform = Transform3D(0.188924, 0, -0.981992, 0, 1, 0, 0.981992, 0, 0.188924, 5.07411, -0.0323513, 41.4301)

[node name="WallTile44" parent="OldLevel/Geometry" instance=ExtResource("5_4jdjc")]
transform = Transform3D(0.0808425, 0, -0.996727, 0, 1, 0, 0.996727, 0, 0.0808425, 2.28103, -0.0323513, 41.8261)

[node name="WallTile18" parent="OldLevel/Geometry" instance=ExtResource("5_4jdjc")]
transform = Transform3D(-0.000663348, 0, 1, 0, 1, 0, -1, 0, -0.000663348, 36.7044, -2.38419e-07, 1.75685)

[node name="WallTile19" parent="OldLevel/Geometry" instance=ExtResource("5_4jdjc")]
transform = Transform3D(-0.000663348, 0, 1, 0, 1, 0, -1, 0, -0.000663348, 33.696, -2.38419e-07, 1.75885)

[node name="WallTile20" parent="OldLevel/Geometry" instance=ExtResource("5_4jdjc")]
transform = Transform3D(-0.000663348, 0, 1, 0, 1, 0, -1, 0, -0.000663348, 30.6754, -2.38419e-07, 1.76085)

[node name="WallTile21" parent="OldLevel/Geometry" instance=ExtResource("5_4jdjc")]
transform = Transform3D(-0.000663348, 0, 1, 0, 1, 0, -1, 0, -0.000663348, 27.6425, -2.38419e-07, 1.76286)

[node name="WallTile22" parent="OldLevel/Geometry" instance=ExtResource("5_4jdjc")]
transform = Transform3D(-0.000663348, 0, 1, 0, 1, 0, -1, 0, -0.000663348, 24.6454, -2.38419e-07, 1.76485)

[node name="WallTile23" parent="OldLevel/Geometry" instance=ExtResource("5_4jdjc")]
transform = Transform3D(-0.000663348, 0, 1, 0, 1, 0, -1, 0, -0.000663348, 21.6206, -2.38419e-07, 1.76686)

[node name="WallTile2" parent="OldLevel/Geometry" instance=ExtResource("5_4jdjc")]
transform = Transform3D(-0.707107, 0, 0.707107, 0, 1, 0, -0.707107, 0, -0.707107, 14.8195, 0, 7.04609)

[node name="WallTile3" parent="OldLevel/Geometry" instance=ExtResource("5_4jdjc")]
transform = Transform3D(-0.707107, 0, 0.707107, 0, 1, 0, -0.707107, 0, -0.707107, 16.9506, 0, 4.91494)

[node name="WallTile4" parent="OldLevel/Geometry" instance=ExtResource("5_4jdjc")]
transform = Transform3D(-0.707107, 0, 0.707107, 0, 1, 0, -0.707107, 0, -0.707107, 19.084, 0, 2.78154)

[node name="FloorTile2" parent="OldLevel/Geometry" instance=ExtResource("9_34wva")]
transform = Transform3D(0.707107, 0, -0.707107, 0, 1, 0, 0.707107, 0, 0.707107, 19.6299, -3.01101, 13.1494)

[node name="FloorTile9" parent="OldLevel/Geometry" instance=ExtResource("9_34wva")]
transform = Transform3D(0.707107, 0, -0.707107, 0, 1, 0, 0.707107, 0, 0.707107, 23.2086, -3.01101, 9.57071)

[node name="FloorTile3" parent="OldLevel/Geometry" instance=ExtResource("9_34wva")]
transform = Transform3D(0.707107, 0, -0.707107, 0, 1, 0, 0.707107, 0, 0.707107, 16.0794, -3.01101, 16.6999)

[node name="FloorTile6" parent="OldLevel/Geometry" instance=ExtResource("9_34wva")]
transform = Transform3D(0.707107, 0, -0.707107, 0, 1, 0, 0.707107, 0, 0.707107, 12.5593, -3.01101, 20.22)

[node name="FloorTile7" parent="OldLevel/Geometry" instance=ExtResource("9_34wva")]
transform = Transform3D(0.707107, 0, -0.707107, 0, 1, 0, 0.707107, 0, 0.707107, 9.06536, -3.01101, 23.7139)

[node name="FloorTile11" parent="OldLevel/Geometry" instance=ExtResource("9_34wva")]
transform = Transform3D(0.707107, 0, -0.707107, 0, 1, 0, 0.707107, 0, 0.707107, 23.2124, -3.01101, 16.7548)

[node name="FloorTile18" parent="OldLevel/Geometry" instance=ExtResource("9_34wva")]
transform = Transform3D(0.707107, 0, -0.707107, 0, 1, 0, 0.707107, 0, 0.707107, 27.0592, -3.01101, 19.9651)

[node name="FloorTile12" parent="OldLevel/Geometry" instance=ExtResource("9_34wva")]
transform = Transform3D(0.707107, 0, -0.707107, 0, 1, 0, 0.707107, 0, 0.707107, 26.7911, -3.01101, 13.1761)

[node name="FloorTile13" parent="OldLevel/Geometry" instance=ExtResource("9_34wva")]
transform = Transform3D(0.707107, 0, -0.707107, 0, 1, 0, 0.707107, 0, 0.707107, 19.6619, -3.01101, 20.3053)

[node name="FloorTile14" parent="OldLevel/Geometry" instance=ExtResource("9_34wva")]
transform = Transform3D(0.707107, 0, -0.707107, 0, 1, 0, 0.707107, 0, 0.707107, 16.1418, -3.01101, 23.8254)

[node name="FloorTile15" parent="OldLevel/Geometry" instance=ExtResource("9_34wva")]
transform = Transform3D(0.707107, 0, -0.707107, 0, 1, 0, 0.707107, 0, 0.707107, 12.6479, -3.01101, 27.3194)

[node name="FloorTile16" parent="OldLevel/Geometry" instance=ExtResource("9_34wva")]
transform = Transform3D(-0.617058, 0.367228, -0.695976, 0.511413, 0.859335, 3.55271e-15, 0.598075, -0.355931, -0.718066, 25.2868, -1.77499, 21.7375)

[node name="FloorTile55" parent="OldLevel/Geometry" instance=ExtResource("9_34wva")]
transform = Transform3D(-0.613074, 0.373841, -0.695976, 0.520622, 0.853787, 2.45956e-08, 0.594214, -0.362341, -0.718066, 24.6747, -1.26405, 22.3308)

[node name="FloorTile17" parent="OldLevel/Geometry" instance=ExtResource("9_34wva")]
transform = Transform3D(0.707107, 0, -0.707107, 0, 1, 0, 0.707107, 0, 0.707107, 30.3037, 0, 16.5067)

[node name="FloorTile19" parent="OldLevel/Geometry" instance=ExtResource("9_34wva")]
transform = Transform3D(0.707107, 0, -0.707107, 0, 1, 0, 0.707107, 0, 0.707107, 19.6544, 0, 27.156)

[node name="FloorTile54" parent="OldLevel/Geometry" instance=ExtResource("9_34wva")]
transform = Transform3D(0.707107, 0, -0.707107, 0, 1, 0, 0.707107, 0, 0.707107, 21.3375, 0, 25.4729)

[node name="FloorTile20" parent="OldLevel/Geometry" instance=ExtResource("9_34wva")]
transform = Transform3D(0.707107, 0, -0.707107, 0, 1, 0, 0.707107, 0, 0.707107, 16.1605, 0, 30.6499)

[node name="FloorTile21" parent="OldLevel/Geometry" instance=ExtResource("9_34wva")]
transform = Transform3D(0.707107, 0, -0.707107, 0, 1, 0, 0.707107, 0, 0.707107, 30.2939, 0, 23.6265)

[node name="FloorTile22" parent="OldLevel/Geometry" instance=ExtResource("9_34wva")]
transform = Transform3D(0.707107, 0, -0.707107, 0, 1, 0, 0.707107, 0, 0.707107, 33.8962, 0, 20.0714)

[node name="FloorTile29" parent="OldLevel/Geometry" instance=ExtResource("9_34wva")]
transform = Transform3D(0.707107, 0, -0.707107, 0, 1, 0, 0.707107, 0, 0.707107, 33.8276, 0, 12.9095)

[node name="FloorTile30" parent="OldLevel/Geometry" instance=ExtResource("9_34wva")]
transform = Transform3D(0.707107, 0, -0.707107, 0, 1, 0, 0.707107, 0, 0.707107, 37.4201, 0, 16.4743)

[node name="FloorTile31" parent="OldLevel/Geometry" instance=ExtResource("9_34wva")]
transform = Transform3D(0.707107, 0, -0.707107, 0, 1, 0, 0.707107, 0, 0.707107, 26.6729, 0, 5.80032)

[node name="FloorTile39" parent="OldLevel/Geometry" instance=ExtResource("9_34wva")]
transform = Transform3D(0.707107, 0, -0.707107, 0, 1, 0, 0.707107, 0, 0.707107, 23.1276, 4.76837e-07, 2.25746)

[node name="FloorTile32" parent="OldLevel/Geometry" instance=ExtResource("9_34wva")]
transform = Transform3D(0.707107, 0, -0.707107, 0, 1, 0, 0.707107, 0, 0.707107, 30.2654, 0, 9.36511)

[node name="FloorTile33" parent="OldLevel/Geometry" instance=ExtResource("9_34wva")]
transform = Transform3D(0.707107, 0, -0.707107, 0, 1, 0, 0.707107, 0, 0.707107, 30.2413, 0, 2.27935)

[node name="FloorTile34" parent="OldLevel/Geometry" instance=ExtResource("9_34wva")]
transform = Transform3D(0.707107, 0, -0.707107, 0, 1, 0, 0.707107, 0, 0.707107, 33.8338, 0, 5.84414)

[node name="FloorTile35" parent="OldLevel/Geometry" instance=ExtResource("9_34wva")]
transform = Transform3D(0.707107, 0, -0.707107, 0, 1, 0, 0.707107, 0, 0.707107, 37.3778, 9.53674e-07, 9.36139)

[node name="FloorTile36" parent="OldLevel/Geometry" instance=ExtResource("9_34wva")]
transform = Transform3D(0.707107, 0, -0.707107, 0, 1, 0, 0.707107, 0, 0.707107, 40.9703, 9.53674e-07, 12.9262)

[node name="FloorTile37" parent="OldLevel/Geometry" instance=ExtResource("9_34wva")]
transform = Transform3D(0.707107, 0, -0.707107, 0, 1, 0, 0.707107, 0, 0.707107, 36.6841, 1.90735e-06, 1.72521)

[node name="FloorTile38" parent="OldLevel/Geometry" instance=ExtResource("9_34wva")]
transform = Transform3D(0.707107, 0, -0.707107, 0, 1, 0, 0.707107, 0, 0.707107, 40.2766, 1.90735e-06, 5.29)

[node name="FloorTile23" parent="OldLevel/Geometry" instance=ExtResource("9_34wva")]
transform = Transform3D(0.707107, 0, -0.707107, 0, 1, 0, 0.707107, 0, 0.707107, 26.7671, 0, 27.2006)

[node name="FloorTile24" parent="OldLevel/Geometry" instance=ExtResource("9_34wva")]
transform = Transform3D(0.707107, 0, -0.707107, 0, 1, 0, 0.707107, 0, 0.707107, 23.2469, 0, 30.7208)

[node name="FloorTile26" parent="OldLevel/Geometry" instance=ExtResource("9_34wva")]
transform = Transform3D(0.707107, 0, -0.707107, 0, 1, 0, 0.707107, 0, 0.707107, 33.8721, 0, 27.2221)

[node name="FloorTile27" parent="OldLevel/Geometry" instance=ExtResource("9_34wva")]
transform = Transform3D(0.707107, 0, -0.707107, 0, 1, 0, 0.707107, 0, 0.707107, 30.3216, 0, 30.7726)

[node name="FloorTile28" parent="OldLevel/Geometry" instance=ExtResource("9_34wva")]
transform = Transform3D(0.707107, 0, -0.707107, 0, 1, 0, 0.707107, 0, 0.707107, 26.8015, 0, 34.2927)

[node name="FloorTile25" parent="OldLevel/Geometry" instance=ExtResource("9_34wva")]
transform = Transform3D(0.707107, 0, -0.707107, 0, 1, 0, 0.707107, 0, 0.707107, 19.753, 0, 34.2147)

[node name="FloorTile40" parent="OldLevel/Geometry" instance=ExtResource("9_34wva")]
transform = Transform3D(0.707107, 0, -0.707107, 0, 1, 0, 0.707107, 0, 0.707107, 12.672, 0, 34.2901)

[node name="FloorTile41" parent="OldLevel/Geometry" instance=ExtResource("9_34wva")]
transform = Transform3D(0.707107, 0, -0.707107, 0, 1, 0, 0.707107, 0, 0.707107, 16.2645, 0, 37.8549)

[node name="FloorTile42" parent="OldLevel/Geometry" instance=ExtResource("9_34wva")]
transform = Transform3D(0.707107, 0, -0.707107, 0, 1, 0, 0.707107, 0, 0.707107, 5.52525, 0, 27.1045)

[node name="FloorTile51" parent="OldLevel/Geometry" instance=ExtResource("9_34wva")]
transform = Transform3D(0.707107, 0, -0.707107, 0, 1, 0, 0.707107, 0, 0.707107, 1.94436, 0, 23.5035)

[node name="FloorTile43" parent="OldLevel/Geometry" instance=ExtResource("9_34wva")]
transform = Transform3D(0.707107, 0, -0.707107, 0, 1, 0, 0.707107, 0, 0.707107, 9.11776, 0, 30.6693)

[node name="FloorTile44" parent="OldLevel/Geometry" instance=ExtResource("9_34wva")]
transform = Transform3D(0.707107, 0, -0.707107, 0, 1, 0, 0.707107, 0, 0.707107, 1.98989, 0, 30.6781)

[node name="FloorTile53" parent="OldLevel/Geometry" instance=ExtResource("9_34wva")]
transform = Transform3D(0.707107, 0, -0.707107, 0, 1, 0, 0.707107, 0, 0.707107, -1.55645, 0, 27.0722)

[node name="FloorTile50" parent="OldLevel/Geometry" instance=ExtResource("9_34wva")]
transform = Transform3D(0.707107, 0, -0.707107, 0, 1, 0, 0.707107, 0, 0.707107, -1.46892, 0, 34.177)

[node name="FloorTile45" parent="OldLevel/Geometry" instance=ExtResource("9_34wva")]
transform = Transform3D(0.707107, 0, -0.707107, 0, 1, 0, 0.707107, 0, 0.707107, 5.5824, 0, 34.2429)

[node name="FloorTile46" parent="OldLevel/Geometry" instance=ExtResource("9_34wva")]
transform = Transform3D(0.707107, 0, -0.707107, 0, 1, 0, 0.707107, 0, 0.707107, 9.11016, 0, 37.8244)

[node name="FloorTile48" parent="OldLevel/Geometry" instance=ExtResource("9_34wva")]
transform = Transform3D(0.707107, 0, -0.707107, 0, 1, 0, 0.707107, 0, 0.707107, 2.01243, 0, 37.8499)

[node name="FloorTile52" parent="OldLevel/Geometry" instance=ExtResource("9_34wva")]
transform = Transform3D(0.707107, 0, -0.707107, 0, 1, 0, 0.707107, 0, 0.707107, -0.01949, 0, 42.9606)

[node name="FloorTile49" parent="OldLevel/Geometry" instance=ExtResource("9_34wva")]
transform = Transform3D(0.707107, 0, -0.707107, 0, 1, 0, 0.707107, 0, 0.707107, 5.54018, 0, 41.4314)

[node name="FloorTile47" parent="OldLevel/Geometry" instance=ExtResource("9_34wva")]
transform = Transform3D(0.707107, 0, -0.707107, 0, 1, 0, 0.707107, 0, 0.707107, 12.7027, 0, 41.3892)

[node name="WallTile45" parent="OldLevel/Geometry" instance=ExtResource("5_4jdjc")]
transform = Transform3D(-0.707107, 0, 0.707107, 0, 1, 0, -0.707107, 0, -0.707107, 12.6813, -3.01101, 9.18428)

[node name="WallTile46" parent="OldLevel/Geometry" instance=ExtResource("5_4jdjc")]
transform = Transform3D(-0.707107, 0, 0.707107, 0, 1, 0, -0.707107, 0, -0.707107, 10.5435, -3.01101, 11.3221)

[node name="WallTile47" parent="OldLevel/Geometry" instance=ExtResource("5_4jdjc")]
transform = Transform3D(-0.707107, 0, 0.707107, 0, 1, 0, -0.707107, 0, -0.707107, 8.43416, -3.01101, 13.4314)

[node name="WallTile48" parent="OldLevel/Geometry" instance=ExtResource("5_4jdjc")]
transform = Transform3D(-0.707107, 0, 0.707107, 0, 1, 0, -0.707107, 0, -0.707107, 6.29681, -3.01101, 15.5688)

[node name="WallTile49" parent="OldLevel/Geometry" instance=ExtResource("5_4jdjc")]
transform = Transform3D(-0.707107, 0, 0.707107, 0, 1, 0, -0.707107, 0, -0.707107, 4.14977, -3.01101, 17.7158)

[node name="WallTile50" parent="OldLevel/Geometry" instance=ExtResource("5_4jdjc")]
transform = Transform3D(-0.707107, 0, 0.707107, 0, 1, 0, -0.707107, 0, -0.707107, 2.00514, -3.01101, 19.8604)

[node name="WallTile51" parent="OldLevel/Geometry" instance=ExtResource("5_4jdjc")]
transform = Transform3D(-1, 0, -8.74228e-08, 0, 1, 0, 8.74228e-08, 0, -1, 0.940687, -3.01101, 22.3447)

[node name="WallTile52" parent="OldLevel/Geometry" instance=ExtResource("5_4jdjc")]
transform = Transform3D(-1, 0, -8.74228e-08, 0, 1, 0, 8.74228e-08, 0, -1, 0.940687, -3.01101, 25.3813)

[node name="WallTile53" parent="OldLevel/Geometry" instance=ExtResource("5_4jdjc")]
transform = Transform3D(-1, 0, -8.74228e-08, 0, 1, 0, 8.74228e-08, 0, -1, 0.940687, -3.01101, 28.3897)

[node name="WallTile54" parent="OldLevel/Geometry" instance=ExtResource("5_4jdjc")]
transform = Transform3D(-1, 0, -8.74228e-08, 0, 1, 0, 8.74228e-08, 0, -1, 0.940687, -3.01101, 31.4104)

[node name="WallTile55" parent="OldLevel/Geometry" instance=ExtResource("5_4jdjc")]
transform = Transform3D(-1, 0, -8.74228e-08, 0, 1, 0, 8.74228e-08, 0, -1, 0.940688, -3.01101, 34.4433)

[node name="WallTile56" parent="OldLevel/Geometry" instance=ExtResource("5_4jdjc")]
transform = Transform3D(-1, 0, -8.74228e-08, 0, 1, 0, 8.74228e-08, 0, -1, 0.940688, -3.01101, 37.4404)

[node name="WallTile57" parent="OldLevel/Geometry" instance=ExtResource("5_4jdjc")]
transform = Transform3D(-1, 0, -8.74228e-08, 0, 1, 0, 8.74228e-08, 0, -1, 0.940688, -3.01101, 40.4652)

[node name="WallTile58" parent="OldLevel/Geometry" instance=ExtResource("5_4jdjc")]
transform = Transform3D(-0.000663348, 0, 1, 0, 1, 0, -1, 0, -0.000663348, 39.7411, -3.01101, 1.75484)

[node name="WallTile59" parent="OldLevel/Geometry" instance=ExtResource("5_4jdjc")]
transform = Transform3D(0.994654, 0, -0.103261, 0, 1, 0, 0.103261, 0, 0.994654, 40.9701, -3.01101, 3.1633)

[node name="WallTile60" parent="OldLevel/Geometry" instance=ExtResource("5_4jdjc")]
transform = Transform3D(0.9872, 0, -0.159485, 0, 1, 0, 0.159485, 0, 0.9872, 40.5461, -3.01101, 6.15635)

[node name="WallTile61" parent="OldLevel/Geometry" instance=ExtResource("5_4jdjc")]
transform = Transform3D(0.976126, 0, -0.217206, 0, 1, 0, 0.217206, 0, 0.976126, 40.0029, -3.01101, 9.13306)

[node name="WallTile62" parent="OldLevel/Geometry" instance=ExtResource("5_4jdjc")]
transform = Transform3D(0.955284, 0, -0.295691, 0, 1, 0, 0.295691, 0, 0.955284, 39.271, -3.01101, 12.0216)

[node name="WallTile63" parent="OldLevel/Geometry" instance=ExtResource("5_4jdjc")]
transform = Transform3D(0.94107, 0, -0.338212, 0, 1, 0, 0.338212, 0, 0.94107, 38.2878, -3.01101, 14.8259)

[node name="WallTile64" parent="OldLevel/Geometry" instance=ExtResource("5_4jdjc")]
transform = Transform3D(0.905473, 0, -0.424405, 0, 1, 0, 0.424405, 0, 0.905473, 37.126, -3.01101, 17.5517)

[node name="WallTile65" parent="OldLevel/Geometry" instance=ExtResource("5_4jdjc")]
transform = Transform3D(0.873024, 0, -0.487677, 0, 1, 0, 0.487677, 0, 0.873024, 35.7878, -3.01101, 20.1536)

[node name="WallTile66" parent="OldLevel/Geometry" instance=ExtResource("5_4jdjc")]
transform = Transform3D(0.837843, 0, -0.545912, 0, 1, 0, 0.545912, 0, 0.837843, 34.2169, -3.01101, 22.7253)

[node name="WallTile67" parent="OldLevel/Geometry" instance=ExtResource("5_4jdjc")]
transform = Transform3D(0.796467, 0, -0.604683, 0, 1, 0, 0.604683, 0, 0.796467, 32.5257, -3.04336, 25.1651)

[node name="WallTile68" parent="OldLevel/Geometry" instance=ExtResource("5_4jdjc")]
transform = Transform3D(0.741273, 0, -0.671203, 0, 1, 0, 0.671203, 0, 0.741273, 30.5794, -3.04336, 27.4834)

[node name="WallTile69" parent="OldLevel/Geometry" instance=ExtResource("5_4jdjc")]
transform = Transform3D(0.697328, 0, -0.716752, 0, 1, 0, 0.716752, 0, 0.697328, 28.5276, -3.04336, 29.6059)

[node name="WallTile70" parent="OldLevel/Geometry" instance=ExtResource("5_4jdjc")]
transform = Transform3D(0.649873, 0, -0.760043, 0, 1, 0, 0.760043, 0, 0.649873, 26.3168, -3.04336, 31.6001)

[node name="WallTile71" parent="OldLevel/Geometry" instance=ExtResource("5_4jdjc")]
transform = Transform3D(0.597863, 0, -0.801598, 0, 1, 0, 0.801598, 0, 0.597863, 24.0005, -3.04336, 33.3907)

[node name="WallTile72" parent="OldLevel/Geometry" instance=ExtResource("5_4jdjc")]
transform = Transform3D(0.511698, 0, -0.859165, 0, 1, 0, 0.859165, 0, 0.511698, 21.542, -3.04336, 35.0584)

[node name="WallTile73" parent="OldLevel/Geometry" instance=ExtResource("5_4jdjc")]
transform = Transform3D(0.476223, 0, -0.879325, 0, 1, 0, 0.879325, 0, 0.476223, 18.9444, -3.04336, 36.5136)

[node name="WallTile74" parent="OldLevel/Geometry" instance=ExtResource("5_4jdjc")]
transform = Transform3D(0.383844, 0, -0.923398, 0, 1, 0, 0.923398, 0, 0.383844, 16.2519, -3.04336, 37.8182)

[node name="WallTile75" parent="OldLevel/Geometry" instance=ExtResource("5_4jdjc")]
transform = Transform3D(0.37472, 0, -0.927138, 0, 1, 0, 0.927138, 0, 0.37472, 13.5251, -3.04336, 38.9436)

[node name="WallTile76" parent="OldLevel/Geometry" instance=ExtResource("5_4jdjc")]
transform = Transform3D(0.346281, 0, -0.938131, 0, 1, 0, 0.938131, 0, 0.346281, 10.7188, -3.04336, 40.0104)

[node name="WallTile77" parent="OldLevel/Geometry" instance=ExtResource("5_4jdjc")]
transform = Transform3D(0.215247, 0, -0.97656, 0, 1, 0, 0.97656, 0, 0.215247, 7.9304, -3.04336, 40.8634)

[node name="WallTile78" parent="OldLevel/Geometry" instance=ExtResource("5_4jdjc")]
transform = Transform3D(0.188924, 0, -0.981992, 0, 1, 0, 0.981992, 0, 0.188924, 5.07411, -3.04336, 41.4301)

[node name="WallTile79" parent="OldLevel/Geometry" instance=ExtResource("5_4jdjc")]
transform = Transform3D(0.0808425, 0, -0.996727, 0, 1, 0, 0.996727, 0, 0.0808425, 2.28103, -3.04336, 41.8261)

[node name="WallTile80" parent="OldLevel/Geometry" instance=ExtResource("5_4jdjc")]
transform = Transform3D(-0.000663348, 0, 1, 0, 1, 0, -1, 0, -0.000663348, 36.7044, -3.01101, 1.75685)

[node name="WallTile81" parent="OldLevel/Geometry" instance=ExtResource("5_4jdjc")]
transform = Transform3D(-0.000663348, 0, 1, 0, 1, 0, -1, 0, -0.000663348, 33.696, -3.01101, 1.75885)

[node name="WallTile82" parent="OldLevel/Geometry" instance=ExtResource("5_4jdjc")]
transform = Transform3D(-0.000663348, 0, 1, 0, 1, 0, -1, 0, -0.000663348, 30.6754, -3.01101, 1.76085)

[node name="WallTile83" parent="OldLevel/Geometry" instance=ExtResource("5_4jdjc")]
transform = Transform3D(-0.000663348, 0, 1, 0, 1, 0, -1, 0, -0.000663348, 27.6425, -3.01101, 1.76286)

[node name="WallTile84" parent="OldLevel/Geometry" instance=ExtResource("5_4jdjc")]
transform = Transform3D(-0.000663348, 0, 1, 0, 1, 0, -1, 0, -0.000663348, 24.6454, -3.01101, 1.76485)

[node name="WallTile85" parent="OldLevel/Geometry" instance=ExtResource("5_4jdjc")]
transform = Transform3D(-0.000663348, 0, 1, 0, 1, 0, -1, 0, -0.000663348, 21.6206, -3.01101, 1.76686)

[node name="WallTile86" parent="OldLevel/Geometry" instance=ExtResource("5_4jdjc")]
transform = Transform3D(-0.707107, 0, 0.707107, 0, 1, 0, -0.707107, 0, -0.707107, 14.8195, -3.01101, 7.04609)

[node name="WallTile87" parent="OldLevel/Geometry" instance=ExtResource("5_4jdjc")]
transform = Transform3D(-0.707107, 0, 0.707107, 0, 1, 0, -0.707107, 0, -0.707107, 16.9506, -3.01101, 4.91494)

[node name="WallTile88" parent="OldLevel/Geometry" instance=ExtResource("5_4jdjc")]
transform = Transform3D(-0.707107, 0, 0.707107, 0, 1, 0, -0.707107, 0, -0.707107, 19.084, -3.01101, 2.78154)

[node name="WallTile91" parent="OldLevel/Geometry" instance=ExtResource("10_kot3v")]
transform = Transform3D(0.707107, 0, 0.707107, 0, 1, 0, -0.707107, 0, 0.707107, 27.4567, 0.00926298, 17.365)

[node name="WallTile92" parent="OldLevel/Geometry" instance=ExtResource("10_kot3v")]
transform = Transform3D(0.707107, 0, 0.707107, 0, 1, 0, -0.707107, 0, 0.707107, 28.8241, 0.00926298, 18.7324)

[node name="WallTile93" parent="OldLevel/Geometry" instance=ExtResource("10_kot3v")]
transform = Transform3D(0.707107, 0, 0.707107, 0, 1, 0, -0.707107, 0, 0.707107, 30.1912, 0.00926298, 20.0995)

[node name="WallTile94" parent="OldLevel/Geometry" instance=ExtResource("10_kot3v")]
transform = Transform3D(0.707107, 0, 0.707107, 0, 1, 0, -0.707107, 0, 0.707107, 27.4567, -2.75601, 17.365)

[node name="WallTile108" parent="OldLevel/Geometry" instance=ExtResource("10_kot3v")]
transform = Transform3D(0.707107, 0, 0.707107, 0, 1, 0, -0.707107, 0, 0.707107, 28.8241, -2.75601, 18.7324)

[node name="WallTile109" parent="OldLevel/Geometry" instance=ExtResource("10_kot3v")]
transform = Transform3D(0.707107, 0, 0.707107, 0, 1, 0, -0.707107, 0, 0.707107, 30.1912, -2.75601, 20.0995)

[node name="WallTile105" parent="OldLevel/Geometry" instance=ExtResource("10_kot3v")]
transform = Transform3D(0.707107, 0, 0.707107, 0, 1, 0, -0.707107, 0, 0.707107, 18.2845, 0.00926298, 26.3084)

[node name="WallTile106" parent="OldLevel/Geometry" instance=ExtResource("10_kot3v")]
transform = Transform3D(0.707107, 0, 0.707107, 0, 1, 0, -0.707107, 0, 0.707107, 19.6347, 0.00926298, 27.6931)

[node name="WallTile107" parent="OldLevel/Geometry" instance=ExtResource("10_kot3v")]
transform = Transform3D(0.707107, 0, 0.707107, 0, 1, 0, -0.707107, 0, 0.707107, 20.9915, 0.00926298, 29.0704)

